132
0	-0.46	-0.46	-0.4245	-0.4245	-0.4245	-0.4245	-0.4245	-0.4039	-0.4039	-0.4039	-0.4039	-0.4039	-0.4009	-0.4009	-0.4009	-0.4009	-0.3097	-0.4009	-0.3097	-0.4028	-0.3097	-0.4028	-0.3097	-0.4028	-0.3445	-0.4028	-0.3445	-0.4028	-0.3445	-0.4013	-0.3445	-0.4013	-0.3445	-0.4013	-0.3445	-0.4013	-0.4013	-0.375	-0.3983	-0.375	-0.3983	-0.375	-0.3983	-0.375	-0.3983	-0.375	-0.375	-0.3983	-0.3832	-0.3832	-0.3832	-0.3832	-0.3832	-0.3862	-0.3927	-0.3862	-0.3862	-0.3862	-0.3862	-0.3927	-0.3927	-0.3927	-0.3927
3600	-0.575	-0.575	-0.5291	-0.5291	-0.5291	-0.5291	-0.5291	-0.5086	-0.5086	-0.5086	-0.5086	-0.5086	-0.5069	-0.5069	-0.5069	-0.5069	-0.5637	-0.5069	-0.5637	-0.5109	-0.5637	-0.5109	-0.5637	-0.5109	-0.5535	-0.5109	-0.5535	-0.5109	-0.5535	-0.5104	-0.5535	-0.5104	-0.5535	-0.5104	-0.5535	-0.5104	-0.5104	-0.5309	-0.5094	-0.5309	-0.5094	-0.5309	-0.5094	-0.5309	-0.5094	-0.5309	-0.5309	-0.5094	-0.5099	-0.5099	-0.5099	-0.5099	-0.5099	-0.4984	-0.5055	-0.4984	-0.4984	-0.4984	-0.4984	-0.5055	-0.5055	-0.5055	-0.5055
7200	-0.5447	-0.5447	-0.5017	-0.5017	-0.5017	-0.5017	-0.5017	-0.4855	-0.4855	-0.4855	-0.4855	-0.4855	-0.4853	-0.4853	-0.4853	-0.4853	-0.6805	-0.4853	-0.6805	-0.4907	-0.6805	-0.4907	-0.6805	-0.4907	-0.6265	-0.4907	-0.6265	-0.4907	-0.6265	-0.4911	-0.6265	-0.4911	-0.6265	-0.4911	-0.6265	-0.4911	-0.4911	-0.5537	-0.4915	-0.5537	-0.4915	-0.5537	-0.4915	-0.5537	-0.4915	-0.5537	-0.5537	-0.4915	-0.5071	-0.5071	-0.5071	-0.5071	-0.5071	-0.4828	-0.4893	-0.4828	-0.4828	-0.4828	-0.4828	-0.4893	-0.4893	-0.4893	-0.4893
10800	-0.384	-0.384	-0.3584	-0.3584	-0.3584	-0.3584	-0.3584	-0.3497	-0.3497	-0.3497	-0.3497	-0.3497	-0.3511	-0.3511	-0.3511	-0.3511	-0.6412	-0.3511	-0.6412	-0.3567	-0.6412	-0.3567	-0.6412	-0.3567	-0.555	-0.3567	-0.555	-0.3567	-0.555	-0.3575	-0.555	-0.3575	-0.555	-0.3575	-0.555	-0.3575	-0.3575	-0.4468	-0.3587	-0.4468	-0.3587	-0.4468	-0.3587	-0.4468	-0.3587	-0.4468	-0.4468	-0.3587	-0.3848	-0.3848	-0.3848	-0.3848	-0.3848	-0.3531	-0.358	-0.3531	-0.3531	-0.3531	-0.3531	-0.358	-0.358	-0.358	-0.358
14400	-0.1419	-0.1419	-0.1433	-0.1433	-0.1433	-0.1433	-0.1433	-0.1445	-0.1445	-0.1445	-0.1445	-0.1445	-0.1471	-0.1471	-0.1471	-0.1471	-0.457	-0.1471	-0.457	-0.1516	-0.457	-0.1516	-0.457	-0.1516	-0.3602	-0.1516	-0.3602	-0.1516	-0.3602	-0.1524	-0.3602	-0.1524	-0.3602	-0.1524	-0.3602	-0.1524	-0.1524	-0.2434	-0.1538	-0.2434	-0.1538	-0.2434	-0.1538	-0.2434	-0.1538	-0.2434	-0.2434	-0.1538	-0.1821	-0.1821	-0.1821	-0.1821	-0.1821	-0.1514	-0.1541	-0.1514	-0.1514	-0.1514	-0.1514	-0.1541	-0.1541	-0.1541	-0.1541
18000	0.111	0.111	0.0826	0.0826	0.0826	0.0826	0.0826	0.0709	0.0709	0.0709	0.0709	0.0709	0.0677	0.0677	0.0677	0.0677	-0.1756	0.0677	-0.1756	0.0653	-0.1756	0.0653	-0.1756	0.0653	-0.0945	0.0653	-0.0945	0.0653	-0.0945	0.0648	-0.0945	0.0648	-0.0945	0.0648	-0.0945	0.0648	0.0648	-0.001	0.0638	-0.001	0.0638	-0.001	0.0638	-0.001	0.0638	-0.001	-0.001	0.0638	0.0427	0.0427	0.0427	0.0427	0.0427	0.0632	0.0628	0.0632	0.0632	0.0632	0.0632	0.0628	0.0628	0.0628	0.0628
21600	0.3039	0.3039	0.2578	0.2578	0.2578	0.2578	0.2578	0.2379	0.2379	0.2379	0.2379	0.2379	0.2349	0.2349	0.2349	0.2349	0.124	0.2349	0.124	0.235	0.124	0.235	0.124	0.235	0.1675	0.235	0.1675	0.235	0.1675	0.2349	0.1675	0.2349	0.1675	0.2349	0.1675	0.2349	0.2349	0.2123	0.2347	0.2123	0.2347	0.2123	0.2347	0.2123	0.2347	0.2123	0.2123	0.2347	0.227	0.227	0.227	0.227	0.227	0.2317	0.2334	0.2317	0.2317	0.2317	0.2317	0.2334	0.2334	0.2334	0.2334
25200	0.3867	0.3867	0.3375	0.3375	0.3375	0.3375	0.3375	0.3146	0.3146	0.3146	0.3146	0.3146	0.3125	0.3125	0.3125	0.3125	0.3542	0.3125	0.3542	0.3144	0.3542	0.3144	0.3542	0.3144	0.3506	0.3144	0.3506	0.3144	0.3506	0.3149	0.3506	0.3149	0.3506	0.3149	0.3506	0.3149	0.3149	0.3375	0.3156	0.3375	0.3156	0.3375	0.3156	0.3375	0.3156	0.3375	0.3375	0.3156	0.3219	0.3219	0.3219	0.3219	0.3219	0.3111	0.3145	0.3111	0.3111	0.3111	0.3111	0.3145	0.3145	0.3145	0.3145
28800	0.3434	0.3434	0.304	0.304	0.304	0.304	0.304	0.2847	0.2847	0.2847	0.2847	0.2847	0.2839	0.2839	0.2839	0.2839	0.4501	0.2839	0.4501	0.2867	0.4501	0.2867	0.4501	0.2867	0.4044	0.2867	0.4044	0.2867	0.4044	0.2874	0.4044	0.2874	0.4044	0.2874	0.4044	0.2874	0.2874	0.3431	0.2889	0.3431	0.2889	0.3431	0.2889	0.3431	0.2889	0.3431	0.3431	0.2889	0.305	0.305	0.305	0.305	0.305	0.2839	0.2884	0.2839	0.2839	0.2839	0.2839	0.2884	0.2884	0.2884	0.2884
32400	0.1915	0.1915	0.1697	0.1697	0.1697	0.1697	0.1697	0.1597	0.1597	0.1597	0.1597	0.1597	0.1602	0.1602	0.1602	0.1602	0.3929	0.1602	0.3929	0.1625	0.3929	0.1625	0.3929	0.1625	0.3211	0.1625	0.3211	0.1625	0.3211	0.1632	0.3211	0.1632	0.3211	0.1632	0.3211	0.1632	0.1632	0.2331	0.1649	0.2331	0.1649	0.2331	0.1649	0.2331	0.1649	0.2331	0.2331	0.1649	0.1849	0.1849	0.1849	0.1849	0.1849	0.1605	0.165	0.1605	0.1605	0.1605	0.1605	0.165	0.165	0.165	0.165
36000	-0.0269	-0.0269	-0.0282	-0.0282	-0.0282	-0.0282	-0.0282	-0.0264	-0.0264	-0.0264	-0.0264	-0.0264	-0.0251	-0.0251	-0.0251	-0.0251	0.2118	-0.0251	0.2118	-0.0245	0.2118	-0.0245	0.2118	-0.0245	0.1336	-0.0245	0.1336	-0.0245	0.1336	-0.0243	0.1336	-0.0243	0.1336	-0.0243	0.1336	-0.0243	-0.0243	0.0424	-0.0232	0.0424	-0.0232	0.0424	-0.0232	0.0424	-0.0232	0.0424	0.0424	-0.0232	-0.004	-0.004	-0.004	-0.004	-0.004	-0.0258	-0.0227	-0.0258	-0.0258	-0.0258	-0.0258	-0.0227	-0.0227	-0.0227	-0.0227
39600	-0.2569	-0.2569	-0.2381	-0.2381	-0.2381	-0.2381	-0.2381	-0.2261	-0.2261	-0.2261	-0.2261	-0.2261	-0.2246	-0.2246	-0.2246	-0.2246	-0.0351	-0.2246	-0.0351	-0.2265	-0.0351	-0.2265	-0.0351	-0.2265	-0.1019	-0.2265	-0.1019	-0.2265	-0.1019	-0.2272	-0.1019	-0.2272	-0.1019	-0.2272	-0.1019	-0.2272	-0.2272	-0.1765	-0.2274	-0.1765	-0.2274	-0.1765	-0.2274	-0.1765	-0.2274	-0.1765	-0.1765	-0.2274	-0.2122	-0.2122	-0.2122	-0.2122	-0.2122	-0.2276	-0.227	-0.2276	-0.2276	-0.2276	-0.2276	-0.227	-0.227	-0.227	-0.227
43200	-0.4425	-0.4425	-0.4062	-0.4062	-0.4062	-0.4062	-0.4062	-0.3878	-0.3878	-0.3878	-0.3878	-0.3878	-0.3869	-0.3869	-0.3869	-0.3869	-0.2843	-0.3869	-0.2843	-0.3916	-0.2843	-0.3916	-0.2843	-0.3916	-0.3257	-0.3916	-0.3257	-0.3916	-0.3257	-0.3934	-0.3257	-0.3934	-0.3257	-0.3934	-0.3257	-0.3934	-0.3934	-0.3692	-0.3955	-0.3692	-0.3955	-0.3692	-0.3955	-0.3692	-0.3955	-0.3692	-0.3692	-0.3955	-0.3871	-0.3871	-0.3871	-0.3871	-0.3871	-0.3934	-0.3956	-0.3934	-0.3934	-0.3934	-0.3934	-0.3956	-0.3956	-0.3956	-0.3956
46800	-0.5361	-0.5361	-0.4875	-0.4875	-0.4875	-0.4875	-0.4875	-0.4672	-0.4672	-0.4672	-0.4672	-0.4672	-0.4676	-0.4676	-0.4676	-0.4676	-0.4817	-0.4676	-0.4817	-0.4748	-0.4817	-0.4748	-0.4817	-0.4748	-0.4876	-0.4748	-0.4876	-0.4748	-0.4876	-0.4777	-0.4876	-0.4777	-0.4876	-0.4777	-0.4876	-0.4777	-0.4777	-0.4891	-0.4816	-0.4891	-0.4816	-0.4891	-0.4816	-0.4891	-0.4816	-0.4891	-0.4891	-0.4816	-0.4834	-0.4834	-0.4834	-0.4834	-0.4834	-0.4782	-0.4826	-0.4782	-0.4782	-0.4782	-0.4782	-0.4826	-0.4826	-0.4826	-0.4826
50400	-0.5078	-0.5078	-0.456	-0.456	-0.456	-0.456	-0.456	-0.4379	-0.4379	-0.4379	-0.4379	-0.4379	-0.4396	-0.4396	-0.4396	-0.4396	-0.5844	-0.4396	-0.5844	-0.4488	-0.5844	-0.4488	-0.5844	-0.4488	-0.5501	-0.4488	-0.5501	-0.4488	-0.5501	-0.4525	-0.5501	-0.4525	-0.5501	-0.4525	-0.5501	-0.4525	-0.4525	-0.5041	-0.4577	-0.5041	-0.4577	-0.5041	-0.4577	-0.5041	-0.4577	-0.5041	-0.5041	-0.4577	-0.4723	-0.4723	-0.4723	-0.4723	-0.4723	-0.4541	-0.4596	-0.4541	-0.4541	-0.4541	-0.4541	-0.4596	-0.4596	-0.4596	-0.4596
54000	-0.355	-0.355	-0.3117	-0.3117	-0.3117	-0.3117	-0.3117	-0.2985	-0.2985	-0.2985	-0.2985	-0.2985	-0.3016	-0.3016	-0.3016	-0.3016	-0.5605	-0.3016	-0.5605	-0.3116	-0.5605	-0.3116	-0.5605	-0.3116	-0.4897	-0.3116	-0.4897	-0.3116	-0.4897	-0.3157	-0.4897	-0.3157	-0.4897	-0.3157	-0.4897	-0.3157	-0.3157	-0.4011	-0.3214	-0.4011	-0.3214	-0.4011	-0.3214	-0.4011	-0.3214	-0.4011	-0.4011	-0.3214	-0.3475	-0.3475	-0.3475	-0.3475	-0.3475	-0.3185	-0.3239	-0.3185	-0.3185	-0.3185	-0.3185	-0.3239	-0.3239	-0.3239	-0.3239
57600	-0.1057	-0.1057	-0.0815	-0.0815	-0.0815	-0.0815	-0.0815	-0.0754	-0.0754	-0.0754	-0.0754	-0.0754	-0.0797	-0.0797	-0.0797	-0.0797	-0.3969	-0.0797	-0.3969	-0.0892	-0.3969	-0.0892	-0.3969	-0.0892	-0.3042	-0.0892	-0.3042	-0.0892	-0.3042	-0.0931	-0.3042	-0.0931	-0.3042	-0.0931	-0.3042	-0.0931	-0.0931	-0.1922	-0.0985	-0.1922	-0.0985	-0.1922	-0.0985	-0.1922	-0.0985	-0.1922	-0.1922	-0.0985	-0.1294	-0.1294	-0.1294	-0.1294	-0.1294	-0.0965	-0.1011	-0.0965	-0.0965	-0.0965	-0.0965	-0.1011	-0.1011	-0.1011	-0.1011
61200	0.1858	0.1858	0.1856	0.1856	0.1856	0.1856	0.1856	0.183	0.183	0.183	0.183	0.183	0.1782	0.1782	0.1782	0.1782	-0.113	0.1782	-0.113	0.1706	-0.113	0.1706	-0.113	0.1706	-0.0223	0.1706	-0.0223	0.1706	-0.0223	0.1673	-0.0223	0.1673	-0.0223	0.1673	-0.0223	0.1673	0.1673	0.0831	0.163	0.0831	0.163	0.0831	0.163	0.0831	0.163	0.0831	0.0831	0.163	0.1372	0.1372	0.1372	0.1372	0.1372	0.1644	0.1608	0.1644	0.1644	0.1644	0.1644	0.1608	0.1608	0.1608	0.1608
64800	0.4531	0.4531	0.4305	0.4305	0.4305	0.4305	0.4305	0.4192	0.4192	0.4192	0.4192	0.4192	0.4147	0.4147	0.4147	0.4147	0.2316	0.4147	0.2316	0.4098	0.2316	0.4098	0.2316	0.4098	0.2952	0.4098	0.2952	0.4098	0.2952	0.4077	0.2952	0.4077	0.2952	0.4077	0.2952	0.4077	0.4077	0.3634	0.4052	0.3634	0.4052	0.3634	0.4052	0.3634	0.4052	0.3634	0.3634	0.4052	0.3931	0.3931	0.3931	0.3931	0.3931	0.4062	0.4038	0.4062	0.4062	0.4062	0.4062	0.4038	0.4038	0.4038	0.4038
68400	0.6361	0.6361	0.599	0.599	0.599	0.599	0.599	0.5814	0.5814	0.5814	0.5814	0.5814	0.5778	0.5778	0.5778	0.5778	0.55	0.5778	0.55	0.5762	0.55	0.5762	0.55	0.5762	0.5696	0.5762	0.5696	0.5762	0.5696	0.5754	0.5696	0.5754	0.5696	0.5754	0.5696	0.5754	0.5754	0.582	0.5751	0.582	0.5751	0.582	0.5751	0.582	0.5751	0.582	0.582	0.5751	0.5801	0.5801	0.5801	0.5801	0.5801	0.5759	0.575	0.5759	0.5759	0.5759	0.5759	0.575	0.575	0.575	0.575
72000	0.6968	0.6968	0.6553	0.6553	0.6553	0.6553	0.6553	0.6356	0.6356	0.6356	0.6356	0.6356	0.6336	0.6336	0.6336	0.6336	0.759	0.6336	0.759	0.6351	0.759	0.6351	0.759	0.6351	0.7315	0.6351	0.7315	0.6351	0.7315	0.6357	0.7315	0.6357	0.7315	0.6357	0.7315	0.6357	0.6357	0.6879	0.6376	0.6879	0.6376	0.6879	0.6376	0.6879	0.6376	0.6879	0.6879	0.6376	0.6572	0.6572	0.6572	0.6572	0.6572	0.6384	0.639	0.6384	0.6384	0.6384	0.6384	0.639	0.639	0.639	0.639
75600	0.6266	0.6266	0.589	0.589	0.589	0.589	0.589	0.5725	0.5725	0.5725	0.5725	0.5725	0.5724	0.5724	0.5724	0.5724	0.8102	0.5724	0.8102	0.576	0.8102	0.576	0.8102	0.576	0.7456	0.576	0.7456	0.576	0.7456	0.5778	0.7456	0.5778	0.7456	0.5778	0.7456	0.5778	0.5778	0.6607	0.5817	0.6607	0.5817	0.6607	0.5817	0.6607	0.5817	0.6607	0.6607	0.5817	0.6109	0.6109	0.6109	0.6109	0.6109	0.5832	0.5847	0.5832	0.5832	0.5832	0.5832	0.5847	0.5847	0.5847	0.5847
79200	0.4448	0.4448	0.4166	0.4166	0.4166	0.4166	0.4166	0.4073	0.4073	0.4073	0.4073	0.4073	0.4088	0.4088	0.4088	0.4088	0.7033	0.4088	0.7033	0.4132	0.7033	0.4132	0.7033	0.4132	0.6185	0.4132	0.6185	0.4132	0.6185	0.4158	0.6185	0.4158	0.6185	0.4158	0.6185	0.4158	0.4158	0.5135	0.421	0.5135	0.421	0.5135	0.421	0.5135	0.421	0.5135	0.5135	0.421	0.4553	0.4553	0.4553	0.4553	0.4553	0.4242	0.4255	0.4242	0.4242	0.4242	0.4242	0.4255	0.4255	0.4255	0.4255
82800	0.1917	0.1917	0.1757	0.1757	0.1757	0.1757	0.1757	0.1749	0.1749	0.1749	0.1749	0.1749	0.1774	0.1774	0.1774	0.1774	0.4752	0.1774	0.4752	0.1812	0.4752	0.1812	0.4752	0.1812	0.388	0.1812	0.388	0.1812	0.388	0.1841	0.388	0.1841	0.388	0.1841	0.388	0.1841	0.1841	0.283	0.1896	0.283	0.1896	0.283	0.1896	0.283	0.1896	0.283	0.283	0.1896	0.2258	0.2258	0.2258	0.2258	0.2258	0.1957	0.1952	0.1957	0.1957	0.1957	0.1957	0.1952	0.1952	0.1952	0.1952
86400	-0.0809	-0.0809	-0.0834	-0.0834	-0.0834	-0.0834	-0.0834	-0.0772	-0.0772	-0.0772	-0.0772	-0.0772	-0.0744	-0.0744	-0.0744	-0.0744	0.1779	-0.0744	0.1779	-0.0721	0.1779	-0.0721	0.1779	-0.0721	0.1042	-0.0721	0.1042	-0.0721	0.1042	-0.0695	0.1042	-0.0695	0.1042	-0.0695	0.1042	-0.0695	-0.0695	0.0167	-0.0646	0.0167	-0.0646	0.0167	-0.0646	0.0167	-0.0646	0.0167	0.0167	-0.0646	-0.0305	-0.0305	-0.0305	-0.0305	-0.0305	-0.0556	-0.0587	-0.0556	-0.0556	-0.0556	-0.0556	-0.0587	-0.0587	-0.0587	-0.0587
90000	-0.3185	-0.3185	-0.308	-0.308	-0.308	-0.308	-0.308	-0.2977	-0.2977	-0.2977	-0.2977	-0.2977	-0.2953	-0.2953	-0.2953	-0.2953	-0.1365	-0.2953	-0.1365	-0.2951	-0.1365	-0.2951	-0.1365	-0.2951	-0.1831	-0.2951	-0.1831	-0.2951	-0.1831	-0.2931	-0.1831	-0.2931	-0.1831	-0.2931	-0.1831	-0.2931	-0.2931	-0.2364	-0.2896	-0.2364	-0.2896	-0.2364	-0.2896	-0.2364	-0.2896	-0.2364	-0.2364	-0.2896	-0.2638	-0.2638	-0.2638	-0.2638	-0.2638	-0.2788	-0.2841	-0.2788	-0.2788	-0.2788	-0.2788	-0.2841	-0.2841	-0.2841	-0.2841
93600	-0.4742	-0.4742	-0.4534	-0.4534	-0.4534	-0.4534	-0.4534	-0.442	-0.442	-0.442	-0.442	-0.442	-0.4404	-0.4404	-0.4404	-0.4404	-0.4177	-0.4404	-0.4177	-0.4423	-0.4177	-0.4423	-0.4177	-0.4423	-0.4259	-0.4423	-0.4259	-0.4423	-0.4259	-0.4412	-0.4259	-0.4412	-0.4259	-0.4412	-0.4259	-0.4412	-0.4412	-0.4305	-0.4393	-0.4305	-0.4393	-0.4305	-0.4393	-0.4305	-0.4393	-0.4305	-0.4305	-0.4393	-0.429	-0.429	-0.429	-0.429	-0.429	-0.4289	-0.4351	-0.4289	-0.4289	-0.4289	-0.4289	-0.4351	-0.4351	-0.4351	-0.4351
97200	-0.518	-0.518	-0.4927	-0.4927	-0.4927	-0.4927	-0.4927	-0.4822	-0.4822	-0.4822	-0.4822	-0.4822	-0.4818	-0.4818	-0.4818	-0.4818	-0.6136	-0.4818	-0.6136	-0.4854	-0.6136	-0.4854	-0.6136	-0.4854	-0.5783	-0.4854	-0.5783	-0.4854	-0.5783	-0.4853	-0.5783	-0.4853	-0.5783	-0.4853	-0.5783	-0.4853	-0.4853	-0.5277	-0.4851	-0.5277	-0.4851	-0.5277	-0.4851	-0.5277	-0.4851	-0.5277	-0.5277	-0.4851	-0.4941	-0.4941	-0.4941	-0.4941	-0.4941	-0.4768	-0.4826	-0.4768	-0.4768	-0.4768	-0.4768	-0.4826	-0.4826	-0.4826	-0.4826
100800	-0.4456	-0.4456	-0.4232	-0.4232	-0.4232	-0.4232	-0.4232	-0.4151	-0.4151	-0.4151	-0.4151	-0.4151	-0.416	-0.416	-0.416	-0.416	-0.6769	-0.416	-0.6769	-0.4209	-0.6769	-0.4209	-0.6769	-0.4209	-0.6038	-0.4209	-0.6038	-0.4209	-0.6038	-0.4216	-0.6038	-0.4216	-0.6038	-0.4216	-0.6038	-0.4216	-0.4216	-0.5068	-0.4227	-0.5068	-0.4227	-0.5068	-0.4227	-0.5068	-0.4227	-0.5068	-0.5068	-0.4227	-0.4482	-0.4482	-0.4482	-0.4482	-0.4482	-0.4173	-0.4219	-0.4173	-0.4173	-0.4173	-0.4173	-0.4219	-0.4219	-0.4219	-0.4219
104400	-0.2802	-0.2802	-0.2677	-0.2677	-0.2677	-0.2677	-0.2677	-0.2636	-0.2636	-0.2636	-0.2636	-0.2636	-0.2656	-0.2656	-0.2656	-0.2656	-0.585	-0.2656	-0.585	-0.2711	-0.585	-0.2711	-0.585	-0.2711	-0.4922	-0.2711	-0.4922	-0.2711	-0.4922	-0.2723	-0.4922	-0.2723	-0.4922	-0.2723	-0.4922	-0.2723	-0.2723	-0.3739	-0.2742	-0.3739	-0.2742	-0.3739	-0.2742	-0.3739	-0.2742	-0.3739	-0.3739	-0.2742	-0.3067	-0.3067	-0.3067	-0.3067	-0.3067	-0.2717	-0.2748	-0.2717	-0.2717	-0.2717	-0.2717	-0.2748	-0.2748	-0.2748	-0.2748
108000	-0.0678	-0.0678	-0.0688	-0.0688	-0.0688	-0.0688	-0.0688	-0.0701	-0.0701	-0.0701	-0.0701	-0.0701	-0.0729	-0.0729	-0.0729	-0.0729	-0.3594	-0.0729	-0.3594	-0.078	-0.3594	-0.078	-0.3594	-0.078	-0.2726	-0.078	-0.2726	-0.078	-0.2726	-0.0794	-0.2726	-0.0794	-0.2726	-0.0794	-0.2726	-0.0794	-0.0794	-0.1665	-0.0816	-0.1665	-0.0816	-0.1665	-0.0816	-0.1665	-0.0816	-0.1665	-0.1665	-0.0816	-0.1102	-0.1102	-0.1102	-0.1102	-0.1102	-0.0814	-0.083	-0.0814	-0.0814	-0.0814	-0.0814	-0.083	-0.083	-0.083	-0.083
111600	0.1359	0.1359	0.1223	0.1223	0.1223	0.1223	0.1223	0.1149	0.1149	0.1149	0.1149	0.1149	0.112	0.112	0.112	0.112	-0.0671	0.112	-0.0671	0.1083	-0.0671	0.1083	-0.0671	0.1083	-0.0099	0.1083	-0.0099	0.1083	-0.0099	0.107	-0.0099	0.107	-0.0099	0.107	-0.0099	0.107	0.107	0.056	0.1051	0.056	0.1051	0.056	0.1051	0.056	0.1051	0.056	0.056	0.1051	0.0875	0.0875	0.0875	0.0875	0.0875	0.1029	0.1031	0.1029	0.1029	0.1029	0.1029	0.1031	0.1031	0.1031	0.1031
115200	0.2804	0.2804	0.2588	0.2588	0.2588	0.2588	0.2588	0.2467	0.2467	0.2467	0.2467	0.2467	0.2443	0.2443	0.2443	0.2443	0.2041	0.2443	0.2041	0.2425	0.2041	0.2425	0.2041	0.2425	0.2193	0.2425	0.2193	0.2425	0.2193	0.2416	0.2193	0.2416	0.2193	0.2416	0.2193	0.2416	0.2416	0.2325	0.2404	0.2325	0.2404	0.2325	0.2404	0.2325	0.2404	0.2325	0.2325	0.2404	0.2352	0.2352	0.2352	0.2352	0.2352	0.2358	0.2382	0.2358	0.2358	0.2358	0.2358	0.2382	0.2382	0.2382	0.2382
118800	0.3331	0.3331	0.3096	0.3096	0.3096	0.3096	0.3096	0.2963	0.2963	0.2963	0.2963	0.2963	0.2948	0.2948	0.2948	0.2948	0.3817	0.2948	0.3817	0.2949	0.3817	0.2949	0.3817	0.2949	0.356	0.2949	0.356	0.2949	0.356	0.2944	0.356	0.2944	0.356	0.2944	0.356	0.2944	0.2944	0.3208	0.2941	0.3208	0.2941	0.3208	0.2941	0.3208	0.2941	0.3208	0.3208	0.2941	0.2989	0.2989	0.2989	0.2989	0.2989	0.2876	0.2921	0.2876	0.2876	0.2876	0.2876	0.2921	0.2921	0.2921	0.2921
122400	0.2858	0.2858	0.2659	0.2659	0.2659	0.2659	0.2659	0.2555	0.2555	0.2555	0.2555	0.2555	0.255	0.255	0.255	0.255	0.4329	0.255	0.4329	0.2562	0.4329	0.2562	0.4329	0.2562	0.3776	0.2562	0.3776	0.2562	0.3776	0.256	0.3776	0.256	0.3776	0.256	0.3776	0.256	0.256	0.3081	0.2564	0.3081	0.2564	0.3081	0.2564	0.3081	0.2564	0.3081	0.3081	0.2564	0.2692	0.2692	0.2692	0.2692	0.2692	0.2499	0.2552	0.2499	0.2499	0.2499	0.2499	0.2552	0.2552	0.2552	0.2552
126000	0.1542	0.1542	0.1417	0.1417	0.1417	0.1417	0.1417	0.1373	0.1373	0.1373	0.1373	0.1373	0.1375	0.1375	0.1375	0.1375	0.3648	0.1375	0.3648	0.1385	0.3648	0.1385	0.3648	0.1385	0.2946	0.1385	0.2946	0.1385	0.2946	0.1385	0.2946	0.1385	0.2946	0.1385	0.2946	0.1385	0.1385	0.2075	0.1392	0.2075	0.1392	0.2075	0.1392	0.2075	0.1392	0.2075	0.2075	0.1392	0.1591	0.1591	0.1591	0.1591	0.1591	0.135	0.139	0.135	0.135	0.135	0.135	0.139	0.139	0.139	0.139
129600	-0.0273	-0.0273	-0.0298	-0.0298	-0.0298	-0.0298	-0.0298	-0.0275	-0.0275	-0.0275	-0.0275	-0.0275	-0.0271	-0.0271	-0.0271	-0.0271	0.2065	-0.0271	0.2065	-0.0275	0.2065	-0.0275	0.2065	-0.0275	0.136	-0.0275	0.136	-0.0275	0.136	-0.0277	0.136	-0.0277	0.136	-0.0277	0.136	-0.0277	-0.0277	0.0477	-0.0272	0.0477	-0.0272	0.0477	-0.0272	0.0477	-0.0272	0.0477	0.0477	-0.0272	-0.0021	-0.0021	-0.0021	-0.0021	-0.0021	-0.0274	-0.0264	-0.0274	-0.0274	-0.0274	-0.0274	-0.0264	-0.0264	-0.0264	-0.0264
133200	-0.2129	-0.2129	-0.2041	-0.2041	-0.2041	-0.2041	-0.2041	-0.1966	-0.1966	-0.1966	-0.1966	-0.1966	-0.1963	-0.1963	-0.1963	-0.1963	-0.0072	-0.1963	-0.0072	-0.1987	-0.0072	-0.1987	-0.0072	-0.1987	-0.0636	-0.1987	-0.0636	-0.1987	-0.0636	-0.1995	-0.0636	-0.1995	-0.0636	-0.1995	-0.0636	-0.1995	-0.1995	-0.1348	-0.1998	-0.1348	-0.1998	-0.1348	-0.1998	-0.1348	-0.1998	-0.1348	-0.1348	-0.1998	-0.1752	-0.1752	-0.1752	-0.1752	-0.1752	-0.1961	-0.1985	-0.1961	-0.1961	-0.1961	-0.1961	-0.1985	-0.1985	-0.1985	-0.1985
136800	-0.3548	-0.3548	-0.3344	-0.3344	-0.3344	-0.3344	-0.3344	-0.3238	-0.3238	-0.3238	-0.3238	-0.3238	-0.3241	-0.3241	-0.3241	-0.3241	-0.2365	-0.3241	-0.2365	-0.3287	-0.2365	-0.3287	-0.2365	-0.3287	-0.2647	-0.3287	-0.2647	-0.3287	-0.2647	-0.3301	-0.2647	-0.3301	-0.2647	-0.3301	-0.2647	-0.3301	-0.3301	-0.299	-0.3317	-0.299	-0.3317	-0.299	-0.3317	-0.299	-0.3317	-0.299	-0.299	-0.3317	-0.3167	-0.3167	-0.3167	-0.3167	-0.3167	-0.3257	-0.3306	-0.3257	-0.3257	-0.3257	-0.3257	-0.3306	-0.3306	-0.3306	-0.3306
140400	-0.4128	-0.4128	-0.3825	-0.3825	-0.3825	-0.3825	-0.3825	-0.3708	-0.3708	-0.3708	-0.3708	-0.3708	-0.3718	-0.3718	-0.3718	-0.3718	-0.4307	-0.3718	-0.4307	-0.3783	-0.4307	-0.3783	-0.4307	-0.3783	-0.4189	-0.3783	-0.4189	-0.3783	-0.4189	-0.3805	-0.4189	-0.3805	-0.4189	-0.3805	-0.4189	-0.3805	-0.3805	-0.4007	-0.3834	-0.4007	-0.3834	-0.4007	-0.3834	-0.4007	-0.3834	-0.4007	-0.4007	-0.3834	-0.3857	-0.3857	-0.3857	-0.3857	-0.3857	-0.3772	-0.3831	-0.3772	-0.3772	-0.3772	-0.3772	-0.3831	-0.3831	-0.3831	-0.3831
144000	-0.364	-0.364	-0.3287	-0.3287	-0.3287	-0.3287	-0.3287	-0.317	-0.317	-0.317	-0.317	-0.317	-0.3189	-0.3189	-0.3189	-0.3189	-0.5289	-0.3189	-0.5289	-0.3271	-0.5289	-0.3271	-0.5289	-0.3271	-0.4747	-0.3271	-0.4747	-0.3271	-0.4747	-0.3299	-0.4747	-0.3299	-0.4747	-0.3299	-0.4747	-0.3299	-0.3299	-0.4018	-0.3338	-0.4018	-0.3338	-0.4018	-0.3338	-0.4018	-0.3338	-0.4018	-0.4018	-0.3338	-0.3545	-0.3545	-0.3545	-0.3545	-0.3545	-0.3285	-0.3345	-0.3285	-0.3285	-0.3285	-0.3285	-0.3345	-0.3345	-0.3345	-0.3345
147600	-0.2108	-0.2108	-0.1778	-0.1778	-0.1778	-0.1778	-0.1778	-0.1675	-0.1675	-0.1675	-0.1675	-0.1675	-0.1704	-0.1704	-0.1704	-0.1704	-0.4815	-0.1704	-0.4815	-0.1796	-0.4815	-0.1796	-0.4815	-0.1796	-0.3957	-0.1796	-0.3957	-0.1796	-0.3957	-0.1828	-0.3957	-0.1828	-0.3957	-0.1828	-0.3957	-0.1828	-0.1828	-0.2854	-0.1872	-0.2854	-0.1872	-0.2854	-0.1872	-0.2854	-0.1872	-0.2854	-0.2854	-0.1872	-0.2186	-0.2186	-0.2186	-0.2186	-0.2186	-0.1826	-0.1883	-0.1826	-0.1826	-0.1826	-0.1826	-0.1883	-0.1883	-0.1883	-0.1883
151200	0.0181	0.0181	0.0405	0.0405	0.0405	0.0405	0.0405	0.0472	0.0472	0.0472	0.0472	0.0472	0.0435	0.0435	0.0435	0.0435	-0.2786	0.0435	-0.2786	0.0342	-0.2786	0.0342	-0.2786	0.0342	-0.1845	0.0342	-0.1845	0.0342	-0.1845	0.031	-0.1845	0.031	-0.1845	0.031	-0.1845	0.031	0.031	-0.0688	0.027	-0.0688	0.027	-0.0688	0.027	-0.0688	0.027	-0.0688	-0.0688	0.027	-0.0032	-0.0032	-0.0032	-0.0032	-0.0032	0.0312	0.0258	0.0312	0.0312	0.0312	0.0312	0.0258	0.0258	0.0258	0.0258
154800	0.2724	0.2724	0.2782	0.2782	0.2782	0.2782	0.2782	0.2786	0.2786	0.2786	0.2786	0.2786	0.2747	0.2747	0.2747	0.2747	0.0342	0.2747	0.0342	0.2667	0.0342	0.2667	0.0342	0.2667	0.1094	0.2667	0.1094	0.2667	0.1094	0.2641	0.1094	0.2641	0.1094	0.2641	0.1094	0.2641	0.2641	0.1966	0.2611	0.1966	0.2611	0.1966	0.2611	0.1966	0.2611	0.1966	0.1966	0.2611	0.242	0.242	0.242	0.242	0.242	0.2649	0.2603	0.2649	0.2649	0.2649	0.2649	0.2603	0.2603	0.2603	0.2603
158400	0.4932	0.4932	0.4807	0.4807	0.4807	0.4807	0.4807	0.4734	0.4734	0.4734	0.4734	0.4734	0.4699	0.4699	0.4699	0.4699	0.3699	0.4699	0.3699	0.4647	0.3699	0.4647	0.3699	0.4647	0.406	0.4647	0.406	0.4647	0.406	0.4631	0.406	0.4631	0.406	0.4631	0.406	0.4631	0.4631	0.4424	0.4618	0.4424	0.4618	0.4424	0.4618	0.4424	0.4618	0.4424	0.4424	0.4618	0.4576	0.4576	0.4576	0.4576	0.4576	0.4642	0.4616	0.4642	0.4642	0.4642	0.4642	0.4616	0.4616	0.4616	0.4616
162000	0.6279	0.6279	0.6002	0.6002	0.6002	0.6002	0.6002	0.5861	0.5861	0.5861	0.5861	0.5861	0.5836	0.5836	0.5836	0.5836	0.6364	0.5836	0.6364	0.5824	0.6364	0.5824	0.6364	0.5824	0.6267	0.5824	0.6267	0.5824	0.6267	0.582	0.6267	0.582	0.6267	0.582	0.6267	0.582	0.582	0.6073	0.5827	0.6073	0.5827	0.6073	0.5827	0.6073	0.5827	0.6073	0.6073	0.5827	0.5922	0.5922	0.5922	0.5922	0.5922	0.583	0.5831	0.583	0.583	0.583	0.583	0.5831	0.5831	0.5831	0.5831
165600	0.6434	0.6434	0.6065	0.6065	0.6065	0.6065	0.6065	0.5894	0.5894	0.5894	0.5894	0.5894	0.5884	0.5884	0.5884	0.5884	0.7721	0.5884	0.7721	0.5908	0.7721	0.5908	0.7721	0.5908	0.7222	0.5908	0.7222	0.5908	0.7222	0.5918	0.7222	0.5918	0.7222	0.5918	0.7222	0.5918	0.5918	0.6556	0.5944	0.6556	0.5944	0.6556	0.5944	0.6556	0.5944	0.6556	0.6556	0.5944	0.6155	0.6155	0.6155	0.6155	0.6155	0.5936	0.5959	0.5936	0.5936	0.5936	0.5936	0.5959	0.5959	0.5959	0.5959
169200	0.5338	0.5338	0.4944	0.4944	0.4944	0.4944	0.4944	0.4791	0.4791	0.4791	0.4791	0.4791	0.4795	0.4795	0.4795	0.4795	0.757	0.4795	0.757	0.4842	0.757	0.4842	0.757	0.4842	0.6797	0.4842	0.6797	0.4842	0.6797	0.4864	0.6797	0.4864	0.6797	0.4864	0.6797	0.4864	0.4864	0.5806	0.4907	0.5806	0.4907	0.5806	0.4907	0.5806	0.4907	0.5806	0.5806	0.4907	0.5223	0.5223	0.5223	0.5223	0.5223	0.4908	0.4936	0.4908	0.4908	0.4908	0.4908	0.4936	0.4936	0.4936	0.4936
172800	0.32	0.32	0.2843	0.2843	0.2843	0.2843	0.2843	0.2742	0.2742	0.2742	0.2742	0.2742	0.2758	0.2758	0.2758	0.2758	0.6029	0.2758	0.6029	0.2811	0.6029	0.2811	0.6029	0.2811	0.5131	0.2811	0.5131	0.2811	0.5131	0.284	0.5131	0.284	0.5131	0.284	0.5131	0.284	0.284	0.3983	0.2892	0.3983	0.2892	0.3983	0.2892	0.3983	0.2892	0.3983	0.3983	0.2892	0.3299	0.3299	0.3299	0.3299	0.3299	0.2924	0.2937	0.2924	0.2924	0.2924	0.2924	0.2937	0.2937	0.2937	0.2937
176400	0.045	0.045	0.0182	0.0182	0.0182	0.0182	0.0182	0.0144	0.0144	0.0144	0.0144	0.0144	0.0167	0.0167	0.0167	0.0167	0.3361	0.0167	0.3361	0.0214	0.3361	0.0214	0.3361	0.0214	0.2497	0.0214	0.2497	0.0214	0.2497	0.0244	0.2497	0.0244	0.2497	0.0244	0.2497	0.0244	0.0244	0.1395	0.0295	0.1395	0.0295	0.1395	0.0295	0.1395	0.0295	0.1395	0.1395	0.0295	0.0733	0.0733	0.0733	0.0733	0.0733	0.0363	0.0349	0.0363	0.0363	0.0363	0.0363	0.0349	0.0349	0.0349	0.0349
180000	-0.2356	-0.2356	-0.2486	-0.2486	-0.2486	-0.2486	-0.2486	-0.2468	-0.2468	-0.2468	-0.2468	-0.2468	-0.2443	-0.2443	-0.2443	-0.2443	-0.0061	-0.2443	-0.0061	-0.2411	-0.0061	-0.2411	-0.0061	-0.2411	-0.0713	-0.2411	-0.0713	-0.2411	-0.0713	-0.2386	-0.0713	-0.2386	-0.0713	-0.2386	-0.0713	-0.2386	-0.2386	-0.1519	-0.2345	-0.1519	-0.2345	-0.1519	-0.2345	-0.1519	-0.2345	-0.1519	-0.1519	-0.2345	-0.1992	-0.1992	-0.1992	-0.1992	-0.1992	-0.2259	-0.2293	-0.2259	-0.2259	-0.2259	-0.2259	-0.2293	-0.2293	-0.2293	-0.2293
183600	-0.4639	-0.4639	-0.4594	-0.4594	-0.4594	-0.4594	-0.4594	-0.453	-0.453	-0.453	-0.453	-0.453	-0.4508	-0.4508	-0.4508	-0.4508	-0.3668	-0.4508	-0.3668	-0.4497	-0.3668	-0.4497	-0.3668	-0.4497	-0.3931	-0.4497	-0.3931	-0.4497	-0.3931	-0.448	-0.3931	-0.448	-0.3931	-0.448	-0.3931	-0.448	-0.448	-0.4194	-0.4458	-0.4194	-0.4458	-0.4194	-0.4458	-0.4194	-0.4458	-0.4194	-0.4194	-0.4458	-0.4311	-0.4311	-0.4311	-0.4311	-0.4311	-0.4379	-0.4421	-0.4379	-0.4379	-0.4379	-0.4379	-0.4421	-0.4421	-0.4421	-0.4421
187200	-0.591	-0.591	-0.5684	-0.5684	-0.5684	-0.5684	-0.5684	-0.5581	-0.5581	-0.5581	-0.5581	-0.5581	-0.5567	-0.5567	-0.5567	-0.5567	-0.6667	-0.5567	-0.6667	-0.5581	-0.6667	-0.5581	-0.6667	-0.5581	-0.6427	-0.5581	-0.6427	-0.5581	-0.6427	-0.5577	-0.6427	-0.5577	-0.6427	-0.5577	-0.6427	-0.5577	-0.5577	-0.6008	-0.5577	-0.6008	-0.5577	-0.6008	-0.5577	-0.6008	-0.5577	-0.6008	-0.6008	-0.5577	-0.5696	-0.5696	-0.5696	-0.5696	-0.5696	-0.5523	-0.5561	-0.5523	-0.5523	-0.5523	-0.5523	-0.5561	-0.5561	-0.5561	-0.5561
190800	-0.5886	-0.5886	-0.5525	-0.5525	-0.5525	-0.5525	-0.5525	-0.5391	-0.5391	-0.5391	-0.5391	-0.5391	-0.5389	-0.5389	-0.5389	-0.5389	-0.8221	-0.5389	-0.8221	-0.5433	-0.8221	-0.5433	-0.8221	-0.5433	-0.7498	-0.5433	-0.7498	-0.5433	-0.7498	-0.5442	-0.7498	-0.5442	-0.7498	-0.5442	-0.7498	-0.5442	-0.5442	-0.6471	-0.5462	-0.6471	-0.5462	-0.6471	-0.5462	-0.6471	-0.5462	-0.6471	-0.6471	-0.5462	-0.5801	-0.5801	-0.5801	-0.5801	-0.5801	-0.5433	-0.5466	-0.5433	-0.5433	-0.5433	-0.5433	-0.5466	-0.5466	-0.5466	-0.5466
194400	-0.457	-0.457	-0.4172	-0.4172	-0.4172	-0.4172	-0.4172	-0.403	-0.403	-0.403	-0.403	-0.403	-0.4043	-0.4043	-0.4043	-0.4043	-0.7806	-0.4043	-0.7806	-0.4115	-0.7806	-0.4115	-0.7806	-0.4115	-0.6784	-0.4115	-0.6784	-0.4115	-0.6784	-0.4136	-0.6784	-0.4136	-0.6784	-0.4136	-0.6784	-0.4136	-0.4136	-0.5429	-0.417	-0.5429	-0.417	-0.5429	-0.417	-0.5429	-0.417	-0.5429	-0.5429	-0.417	-0.4604	-0.4604	-0.4604	-0.4604	-0.4604	-0.4156	-0.4186	-0.4156	-0.4156	-0.4156	-0.4156	-0.4186	-0.4186	-0.4186	-0.4186
198000	-0.2282	-0.2282	-0.1964	-0.1964	-0.1964	-0.1964	-0.1964	-0.1855	-0.1855	-0.1855	-0.1855	-0.1855	-0.1882	-0.1882	-0.1882	-0.1882	-0.5512	-0.1882	-0.5512	-0.197	-0.5512	-0.197	-0.5512	-0.197	-0.4477	-0.197	-0.4477	-0.197	-0.4477	-0.1997	-0.4477	-0.1997	-0.4477	-0.1997	-0.4477	-0.1997	-0.1997	-0.3177	-0.2038	-0.3177	-0.2038	-0.3177	-0.2038	-0.3177	-0.2038	-0.3177	-0.3177	-0.2038	-0.2432	-0.2432	-0.2432	-0.2432	-0.2432	-0.2033	-0.2061	-0.2033	-0.2033	-0.2033	-0.2033	-0.2061	-0.2061	-0.2061	-0.2061
201600	0.0413	0.0413	0.0559	0.0559	0.0559	0.0559	0.0559	0.0592	0.0592	0.0592	0.0592	0.0592	0.0557	0.0557	0.0557	0.0557	-0.2047	0.0557	-0.2047	0.0473	-0.2047	0.0473	-0.2047	0.0473	-0.1275	0.0473	-0.1275	0.0473	-0.1275	0.0444	-0.1275	0.0444	-0.1275	0.0444	-0.1275	0.0444	0.0444	-0.0358	0.0406	-0.0358	0.0406	-0.0358	0.0406	-0.0358	0.0406	-0.0358	-0.0358	0.0406	0.0132	0.0132	0.0132	0.0132	0.0132	0.0394	0.0379	0.0394	0.0394	0.0394	0.0394	0.0379	0.0379	0.0379	0.0379
205200	0.2844	0.2844	0.2789	0.2789	0.2789	0.2789	0.2789	0.2726	0.2726	0.2726	0.2726	0.2726	0.2689	0.2689	0.2689	0.2689	0.1574	0.2689	0.1574	0.263	0.1574	0.263	0.1574	0.263	0.1915	0.263	0.1915	0.263	0.1915	0.2605	0.1915	0.2605	0.1915	0.2605	0.1915	0.2605	0.2605	0.2278	0.2576	0.2278	0.2576	0.2278	0.2576	0.2278	0.2576	0.2278	0.2278	0.2576	0.2446	0.2446	0.2446	0.2446	0.2446	0.2537	0.2547	0.2537	0.2537	0.2537	0.2537	0.2547	0.2547	0.2547	0.2547
208800	0.4425	0.4425	0.4201	0.4201	0.4201	0.4201	0.4201	0.4061	0.4061	0.4061	0.4061	0.4061	0.4029	0.4029	0.4029	0.4029	0.4449	0.4029	0.4449	0.4003	0.4449	0.4003	0.4449	0.4003	0.4331	0.4003	0.4331	0.4003	0.4331	0.3987	0.4331	0.3987	0.4331	0.3987	0.4331	0.3987	0.3987	0.4128	0.3972	0.4128	0.3972	0.4128	0.3972	0.4128	0.3972	0.4128	0.4128	0.3972	0.3982	0.3982	0.3982	0.3982	0.3982	0.391	0.3946	0.391	0.391	0.391	0.391	0.3946	0.3946	0.3946	0.3946
212400	0.48	0.48	0.4478	0.4478	0.4478	0.4478	0.4478	0.4309	0.4309	0.4309	0.4309	0.4309	0.4287	0.4287	0.4287	0.4287	0.6043	0.4287	0.6043	0.429	0.6043	0.429	0.6043	0.429	0.5541	0.429	0.5541	0.429	0.5541	0.4284	0.5541	0.4284	0.5541	0.4284	0.5541	0.4284	0.4284	0.486	0.4285	0.486	0.4285	0.486	0.4285	0.486	0.4285	0.486	0.486	0.4285	0.4442	0.4442	0.4442	0.4442	0.4442	0.4222	0.427	0.4222	0.4222	0.4222	0.4222	0.427	0.427	0.427	0.427
216000	0.3927	0.3927	0.3583	0.3583	0.3583	0.3583	0.3583	0.3439	0.3439	0.3439	0.3439	0.3439	0.3428	0.3428	0.3428	0.3428	0.6184	0.3428	0.6184	0.3444	0.6184	0.3444	0.6184	0.3444	0.5421	0.3444	0.5421	0.3444	0.5421	0.3447	0.5421	0.3447	0.5421	0.3447	0.5421	0.3447	0.3447	0.4399	0.3462	0.4399	0.3462	0.4399	0.3462	0.4399	0.3462	0.4399	0.4399	0.3462	0.3771	0.3771	0.3771	0.3771	0.3771	0.3431	0.3466	0.3431	0.3431	0.3431	0.3431	0.3466	0.3466	0.3466	0.3466
219600	0.2061	0.2061	0.1765	0.1765	0.1765	0.1765	0.1765	0.168	0.168	0.168	0.168	0.168	0.1678	0.1678	0.1678	0.1678	0.4917	0.1678	0.4917	0.1693	0.4917	0.1693	0.4917	0.1693	0.4043	0.1693	0.4043	0.1693	0.4043	0.1701	0.4043	0.1701	0.4043	0.1701	0.4043	0.1701	0.1701	0.2871	0.1723	0.2871	0.1723	0.2871	0.1723	0.2871	0.1723	0.2871	0.2871	0.1723	0.2144	0.2144	0.2144	0.2144	0.2144	0.1743	0.1747	0.1743	0.1743	0.1743	0.1743	0.1747	0.1747	0.1747	0.1747
223200	-0.0319	-0.0319	-0.0501	-0.0501	-0.0501	-0.0501	-0.0501	-0.0518	-0.0518	-0.0518	-0.0518	-0.0518	-0.0512	-0.0512	-0.0512	-0.0512	0.2446	-0.0512	0.2446	-0.0507	0.2446	-0.0507	0.2446	-0.0507	0.1645	-0.0507	0.1645	-0.0507	0.1645	-0.05	0.1645	-0.05	0.1645	-0.05	0.1645	-0.05	-0.05	0.0589	-0.048	0.0589	-0.048	0.0589	-0.048	0.0589	-0.048	0.0589	0.0589	-0.048	-0.0058	-0.0058	-0.0058	-0.0058	-0.0058	-0.0418	-0.0446	-0.0418	-0.0418	-0.0418	-0.0418	-0.0446	-0.0446	-0.0446	-0.0446
226800	-0.2612	-0.2612	-0.2616	-0.2616	-0.2616	-0.2616	-0.2616	-0.257	-0.257	-0.257	-0.257	-0.257	-0.2561	-0.2561	-0.2561	-0.2561	-0.0781	-0.2561	-0.0781	-0.257	-0.0781	-0.257	-0.0781	-0.257	-0.1297	-0.257	-0.1297	-0.257	-0.1297	-0.2567	-0.1297	-0.2567	-0.1297	-0.2567	-0.1297	-0.2567	-0.2567	-0.1932	-0.2559	-0.1932	-0.2559	-0.1932	-0.2559	-0.1932	-0.2559	-0.1932	-0.1932	-0.2559	-0.2287	-0.2287	-0.2287	-0.2287	-0.2287	-0.2483	-0.253	-0.2483	-0.2483	-0.2483	-0.2483	-0.253	-0.253	-0.253	-0.253
230400	-0.422	-0.422	-0.4	-0.4	-0.4	-0.4	-0.4	-0.3895	-0.3895	-0.3895	-0.3895	-0.3895	-0.3888	-0.3888	-0.3888	-0.3888	-0.3985	-0.3888	-0.3985	-0.3918	-0.3985	-0.3918	-0.3985	-0.3918	-0.4034	-0.3918	-0.4034	-0.3918	-0.4034	-0.3925	-0.4034	-0.3925	-0.4034	-0.3925	-0.4034	-0.3925	-0.3925	-0.4006	-0.3934	-0.4006	-0.3934	-0.4006	-0.3934	-0.4006	-0.3934	-0.4006	-0.4006	-0.3934	-0.3919	-0.3919	-0.3919	-0.3919	-0.3919	-0.3865	-0.3918	-0.3865	-0.3865	-0.3865	-0.3865	-0.3918	-0.3918	-0.3918	-0.3918
234000	-0.4669	-0.4669	-0.424	-0.424	-0.424	-0.424	-0.424	-0.4081	-0.4081	-0.4081	-0.4081	-0.4081	-0.4082	-0.4082	-0.4082	-0.4082	-0.618	-0.4082	-0.618	-0.414	-0.618	-0.414	-0.618	-0.414	-0.5691	-0.414	-0.5691	-0.414	-0.5691	-0.4158	-0.5691	-0.4158	-0.5691	-0.4158	-0.5691	-0.4158	-0.4158	-0.4955	-0.4185	-0.4955	-0.4185	-0.4955	-0.4185	-0.4955	-0.4185	-0.4955	-0.4955	-0.4185	-0.4427	-0.4427	-0.4427	-0.4427	-0.4427	-0.4129	-0.4183	-0.4129	-0.4129	-0.4129	-0.4129	-0.4183	-0.4183	-0.4183	-0.4183
237600	-0.3744	-0.3744	-0.32	-0.32	-0.32	-0.32	-0.32	-0.3008	-0.3008	-0.3008	-0.3008	-0.3008	-0.3021	-0.3021	-0.3021	-0.3021	-0.6534	-0.3021	-0.6534	-0.3112	-0.6534	-0.3112	-0.6534	-0.3112	-0.5616	-0.3112	-0.5616	-0.3112	-0.5616	-0.3139	-0.5616	-0.3139	-0.5616	-0.3139	-0.5616	-0.3139	-0.3139	-0.4372	-0.3178	-0.4372	-0.3178	-0.4372	-0.3178	-0.4372	-0.3178	-0.4372	-0.4372	-0.3178	-0.3568	-0.3568	-0.3568	-0.3568	-0.3568	-0.3124	-0.3185	-0.3124	-0.3124	-0.3124	-0.3124	-0.3185	-0.3185	-0.3185	-0.3185
241200	-0.1579	-0.1579	-0.1077	-0.1077	-0.1077	-0.1077	-0.1077	-0.0898	-0.0898	-0.0898	-0.0898	-0.0898	-0.0925	-0.0925	-0.0925	-0.0925	-0.4786	-0.0925	-0.4786	-0.104	-0.4786	-0.104	-0.4786	-0.104	-0.3704	-0.104	-0.3704	-0.104	-0.3704	-0.1073	-0.3704	-0.1073	-0.3704	-0.1073	-0.3704	-0.1073	-0.1073	-0.2329	-0.1116	-0.2329	-0.1116	-0.2329	-0.1116	-0.2329	-0.1116	-0.2329	-0.2329	-0.1116	-0.1502	-0.1502	-0.1502	-0.1502	-0.1502	-0.1054	-0.1123	-0.1054	-0.1054	-0.1054	-0.1054	-0.1123	-0.1123	-0.1123	-0.1123
244800	0.1335	0.1335	0.1636	0.1636	0.1636	0.1636	0.1636	0.1741	0.1741	0.1741	0.1741	0.1741	0.1702	0.1702	0.1702	0.1702	-0.1417	0.1702	-0.1417	0.1587	-0.1417	0.1587	-0.1417	0.1587	-0.0488	0.1587	-0.0488	0.1587	-0.0488	0.1554	-0.0488	0.1554	-0.0488	0.1554	-0.0488	0.1554	0.1554	0.0625	0.1517	0.0625	0.1517	0.0625	0.1517	0.0625	0.1517	0.0625	0.0625	0.1517	0.1247	0.1247	0.1247	0.1247	0.1247	0.1577	0.1513	0.1577	0.1577	0.1577	0.1577	0.1513	0.1513	0.1513	0.1513
248400	0.4263	0.4263	0.4271	0.4271	0.4271	0.4271	0.4271	0.4252	0.4252	0.4252	0.4252	0.4252	0.421	0.421	0.421	0.421	0.2561	0.421	0.2561	0.4122	0.2561	0.4122	0.2561	0.4122	0.3092	0.4122	0.3092	0.4122	0.3092	0.4097	0.3092	0.4097	0.3092	0.4097	0.3092	0.4097	0.4097	0.3674	0.4074	0.3674	0.4074	0.3674	0.4074	0.3674	0.4074	0.3674	0.3674	0.4074	0.3962	0.3962	0.3962	0.3962	0.3962	0.4112	0.4071	0.4112	0.4112	0.4112	0.4112	0.4071	0.4071	0.4071	0.4071
252000	0.6434	0.6434	0.6152	0.6152	0.6152	0.6152	0.6152	0.6004	0.6004	0.6004	0.6004	0.6004	0.5967	0.5967	0.5967	0.5967	0.605	0.5967	0.605	0.5927	0.605	0.5927	0.605	0.5927	0.6077	0.5927	0.6077	0.5927	0.6077	0.5916	0.6077	0.5916	0.6077	0.5916	0.6077	0.5916	0.5916	0.6034	0.5912	0.6034	0.5912	0.6034	0.5912	0.6034	0.5912	0.6034	0.6034	0.5912	0.596	0.596	0.596	0.596	0.596	0.5917	0.5912	0.5917	0.5917	0.5917	0.5917	0.5912	0.5912	0.5912	0.5912
255600	0.7262	0.7262	0.6769	0.6769	0.6769	0.6769	0.6769	0.6536	0.6536	0.6536	0.6536	0.6536	0.6511	0.6511	0.6511	0.6511	0.8242	0.6511	0.8242	0.6522	0.8242	0.6522	0.8242	0.6522	0.7793	0.6522	0.7793	0.6522	0.7793	0.6526	0.7793	0.6526	0.7793	0.6526	0.7793	0.6526	0.6526	0.7163	0.6545	0.7163	0.6545	0.7163	0.6545	0.7163	0.6545	0.7163	0.7163	0.6545	0.6754	0.6754	0.6754	0.6754	0.6754	0.6528	0.6553	0.6528	0.6528	0.6528	0.6528	0.6553	0.6553	0.6553	0.6553
259200	0.6499	0.6499	0.5904	0.5904	0.5904	0.5904	0.5904	0.5657	0.5657	0.5657	0.5657	0.5657	0.5649	0.5649	0.5649	0.5649	0.8736	0.5649	0.8736	0.5697	0.8736	0.5697	0.8736	0.5697	0.7918	0.5697	0.7918	0.5697	0.7918	0.5717	0.7918	0.5717	0.7918	0.5717	0.7918	0.5717	0.5717	0.6821	0.5757	0.6821	0.5757	0.6821	0.5757	0.6821	0.5757	0.6821	0.6821	0.5757	0.6131	0.6131	0.6131	0.6131	0.6131	0.5745	0.578	0.5745	0.5745	0.5745	0.5745	0.578	0.578	0.578	0.578
262800	0.4282	0.4282	0.3692	0.3692	0.3692	0.3692	0.3692	0.3494	0.3494	0.3494	0.3494	0.3494	0.3503	0.3503	0.3503	0.3503	0.7438	0.3503	0.7438	0.3569	0.7438	0.3569	0.7438	0.3569	0.6404	0.3569	0.6404	0.3569	0.6404	0.3599	0.6404	0.3599	0.6404	0.3599	0.6404	0.3599	0.3599	0.5029	0.3653	0.5029	0.3653	0.5029	0.3653	0.5029	0.3653	0.5029	0.5029	0.3653	0.4163	0.4163	0.4163	0.4163	0.4163	0.3673	0.3695	0.3673	0.3673	0.3673	0.3673	0.3695	0.3695	0.3695	0.3695
266400	0.1073	0.1073	0.0589	0.0589	0.0589	0.0589	0.0589	0.0473	0.0473	0.0473	0.0473	0.0473	0.0497	0.0497	0.0497	0.0497	0.4481	0.0497	0.4481	0.0566	0.4481	0.0566	0.4481	0.0566	0.3426	0.0566	0.3426	0.0566	0.3426	0.0601	0.3426	0.0601	0.3426	0.0601	0.3426	0.0601	0.0601	0.2051	0.0656	0.2051	0.0656	0.2051	0.0656	0.2051	0.0656	0.2051	0.2051	0.0656	0.1192	0.1192	0.1192	0.1192	0.1192	0.0706	0.0707	0.0706	0.0706	0.0706	0.0706	0.0707	0.0707	0.0707	0.0707
270000	-0.2447	-0.2447	-0.2722	-0.2722	-0.2722	-0.2722	-0.2722	-0.2747	-0.2747	-0.2747	-0.2747	-0.2747	-0.2713	-0.2713	-0.2713	-0.2713	0.0278	-0.2713	0.0278	-0.2652	0.0278	-0.2652	0.0278	-0.2652	-0.0557	-0.2652	-0.0557	-0.2652	-0.0557	-0.2621	-0.0557	-0.2621	-0.0557	-0.2621	-0.0557	-0.2621	-0.2621	-0.1579	-0.2579	-0.1579	-0.2579	-0.1579	-0.2579	-0.1579	-0.2579	-0.1579	-0.1579	-0.2579	-0.2185	-0.2185	-0.2185	-0.2185	-0.2185	-0.2524	-0.2536	-0.2524	-0.2524	-0.2524	-0.2524	-0.2536	-0.2536	-0.2536	-0.2536
273600	-0.5511	-0.5511	-0.5486	-0.5486	-0.5486	-0.5486	-0.5486	-0.5419	-0.5419	-0.5419	-0.5419	-0.5419	-0.5383	-0.5383	-0.5383	-0.5383	-0.4361	-0.5383	-0.4361	-0.5341	-0.4361	-0.5341	-0.4361	-0.5341	-0.473	-0.5341	-0.473	-0.5341	-0.473	-0.5322	-0.473	-0.5322	-0.473	-0.5322	-0.473	-0.5322	-0.5322	-0.5069	-0.5304	-0.5069	-0.5304	-0.5069	-0.5304	-0.5069	-0.5304	-0.5069	-0.5069	-0.5304	-0.5204	-0.5204	-0.5204	-0.5204	-0.5204	-0.5271	-0.5283	-0.5271	-0.5271	-0.5271	-0.5271	-0.5283	-0.5283	-0.5283	-0.5283
277200	-0.7408	-0.7408	-0.7047	-0.7047	-0.7047	-0.7047	-0.7047	-0.6891	-0.6891	-0.6891	-0.6891	-0.6891	-0.6861	-0.6861	-0.6861	-0.6861	-0.8276	-0.6861	-0.8276	-0.6854	-0.8276	-0.6854	-0.8276	-0.6854	-0.8024	-0.6854	-0.8024	-0.6854	-0.8024	-0.6852	-0.8024	-0.6852	-0.8024	-0.6852	-0.8024	-0.6852	-0.6852	-0.7518	-0.6863	-0.7518	-0.6863	-0.7518	-0.6863	-0.7518	-0.6863	-0.7518	-0.7518	-0.6863	-0.7104	-0.7104	-0.7104	-0.7104	-0.7104	-0.6861	-0.6869	-0.6861	-0.6861	-0.6861	-0.6861	-0.6869	-0.6869	-0.6869	-0.6869
280800	-0.7645	-0.7645	-0.7016	-0.7016	-0.7016	-0.7016	-0.7016	-0.6784	-0.6784	-0.6784	-0.6784	-0.6784	-0.6771	-0.6771	-0.6771	-0.6771	-1.0304	-0.6771	-1.0304	-0.6813	-1.0304	-0.6813	-1.0304	-0.6813	-0.9453	-0.6813	-0.9453	-0.6813	-0.9453	-0.683	-0.9453	-0.683	-0.9453	-0.683	-0.9453	-0.683	-0.683	-0.8209	-0.6867	-0.8209	-0.6867	-0.8209	-0.6867	-0.8209	-0.6867	-0.8209	-0.8209	-0.6867	-0.736	-0.736	-0.736	-0.736	-0.736	-0.6879	-0.6893	-0.6879	-0.6879	-0.6879	-0.6879	-0.6893	-0.6893	-0.6893	-0.6893
284400	-0.61	-0.61	-0.5376	-0.5376	-0.5376	-0.5376	-0.5376	-0.5115	-0.5115	-0.5115	-0.5115	-0.5115	-0.5125	-0.5125	-0.5125	-0.5125	-0.9765	-0.5125	-0.9765	-0.5218	-0.9765	-0.5218	-0.9765	-0.5218	-0.854	-0.5218	-0.854	-0.5218	-0.854	-0.5252	-0.854	-0.5252	-0.854	-0.5252	-0.854	-0.5252	-0.5252	-0.6908	-0.5306	-0.6908	-0.5306	-0.6908	-0.5306	-0.6908	-0.5306	-0.6908	-0.6908	-0.5306	-0.5882	-0.5882	-0.5882	-0.5882	-0.5882	-0.5312	-0.534	-0.5312	-0.5312	-0.5312	-0.5312	-0.534	-0.534	-0.534	-0.534
288000	-0.3108	-0.3108	-0.2508	-0.2508	-0.2508	-0.2508	-0.2508	-0.2294	-0.2294	-0.2294	-0.2294	-0.2294	-0.2327	-0.2327	-0.2327	-0.2327	-0.6804	-0.2327	-0.6804	-0.2453	-0.6804	-0.2453	-0.6804	-0.2453	-0.5547	-0.2453	-0.5547	-0.2453	-0.5547	-0.2497	-0.5547	-0.2497	-0.5547	-0.2497	-0.5547	-0.2497	-0.2497	-0.3977	-0.2557	-0.3977	-0.2557	-0.3977	-0.2557	-0.3977	-0.2557	-0.3977	-0.3977	-0.2557	-0.3056	-0.3056	-0.3056	-0.3056	-0.3056	-0.2552	-0.2591	-0.2552	-0.2552	-0.2552	-0.2552	-0.2591	-0.2591	-0.2591	-0.2591
291600	0.0598	0.0598	0.0901	0.0901	0.0901	0.0901	0.0901	0.0991	0.0991	0.0991	0.0991	0.0991	0.0941	0.0941	0.0941	0.0941	-0.2321	0.0941	-0.2321	0.0814	-0.2321	0.0814	-0.2321	0.0814	-0.1359	0.0814	-0.1359	0.0814	-0.1359	0.0769	-0.1359	0.0769	-0.1359	0.0769	-0.1359	0.0769	0.0769	-0.0231	0.0714	-0.0231	0.0714	-0.0231	0.0714	-0.0231	0.0714	-0.0231	-0.0231	0.0714	0.0381	0.0381	0.0381	0.0381	0.0381	0.0716	0.0683	0.0716	0.0716	0.0716	0.0716	0.0683	0.0683	0.0683	0.0683
295200	0.408	0.408	0.4026	0.4026	0.4026	0.4026	0.4026	0.3954	0.3954	0.3954	0.3954	0.3954	0.3897	0.3897	0.3897	0.3897	0.2438	0.3897	0.2438	0.3801	0.2438	0.3801	0.2438	0.3801	0.2899	0.3801	0.2899	0.3801	0.2899	0.3765	0.2899	0.3765	0.2899	0.3765	0.2899	0.3765	0.3765	0.3373	0.3725	0.3373	0.3725	0.3373	0.3725	0.3373	0.3725	0.3373	0.3373	0.3725	0.3587	0.3587	0.3587	0.3587	0.3587	0.3705	0.3697	0.3705	0.3705	0.3705	0.3705	0.3697	0.3697	0.3697	0.3697
298800	0.6476	0.6476	0.6118	0.6118	0.6118	0.6118	0.6118	0.5909	0.5909	0.5909	0.5909	0.5909	0.5856	0.5856	0.5856	0.5856	0.6352	0.5856	0.6352	0.5808	0.6352	0.5808	0.6352	0.5808	0.6256	0.5808	0.6256	0.5808	0.6256	0.5786	0.6256	0.5786	0.6256	0.5786	0.6256	0.5786	0.5786	0.6031	0.5769	0.6031	0.5769	0.6031	0.5769	0.6031	0.5769	0.6031	0.6031	0.5769	0.5836	0.5836	0.5836	0.5836	0.5836	0.573	0.5749	0.573	0.573	0.573	0.573	0.5749	0.5749	0.5749	0.5749
302400	0.7236	0.7236	0.6691	0.6691	0.6691	0.6691	0.6691	0.6418	0.6418	0.6418	0.6418	0.6418	0.6379	0.6379	0.6379	0.6379	0.8681	0.6379	0.8681	0.6374	0.8681	0.6374	0.8681	0.6374	0.8091	0.6374	0.8091	0.6374	0.8091	0.637	0.8091	0.637	0.8091	0.637	0.8091	0.637	0.637	0.7236	0.6379	0.7236	0.6379	0.7236	0.6379	0.7236	0.6379	0.7236	0.7236	0.6379	0.6667	0.6667	0.6667	0.6667	0.6667	0.6347	0.6378	0.6347	0.6347	0.6347	0.6347	0.6378	0.6378	0.6378	0.6378
306000	0.6244	0.6244	0.5638	0.5638	0.5638	0.5638	0.5638	0.5386	0.5386	0.5386	0.5386	0.5386	0.5366	0.5366	0.5366	0.5366	0.9062	0.5366	0.9062	0.5388	0.9062	0.5388	0.9062	0.5388	0.8111	0.5388	0.8111	0.5388	0.8111	0.5399	0.8111	0.5399	0.8111	0.5399	0.8111	0.5399	0.5399	0.6785	0.5432	0.6785	0.5432	0.6785	0.5432	0.6785	0.5432	0.6785	0.6785	0.5432	0.5928	0.5928	0.5928	0.5928	0.5928	0.5439	0.5458	0.5439	0.5439	0.5439	0.5439	0.5458	0.5458	0.5458	0.5458
309600	0.3801	0.3801	0.3252	0.3252	0.3252	0.3252	0.3252	0.308	0.308	0.308	0.308	0.308	0.3079	0.3079	0.3079	0.3079	0.7424	0.3079	0.7424	0.3114	0.7424	0.3114	0.7424	0.3114	0.6299	0.3114	0.6299	0.3114	0.6299	0.3136	0.6299	0.3136	0.6299	0.3136	0.6299	0.3136	0.3136	0.477	0.3181	0.477	0.3181	0.477	0.3181	0.477	0.3181	0.477	0.477	0.3181	0.3794	0.3794	0.3794	0.3794	0.3794	0.3238	0.323	0.3238	0.3238	0.3238	0.3238	0.323	0.323	0.323	0.323
313200	0.0527	0.0527	0.0154	0.0154	0.0154	0.0154	0.0154	0.0085	0.0085	0.0085	0.0085	0.0085	0.0102	0.0102	0.0102	0.0102	0.4007	0.0102	0.4007	0.0139	0.4007	0.0139	0.4007	0.0139	0.2959	0.0139	0.2959	0.0139	0.2959	0.0163	0.2959	0.0163	0.2959	0.0163	0.2959	0.0163	0.0163	0.1598	0.0207	0.1598	0.0207	0.1598	0.0207	0.1598	0.0207	0.1598	0.1598	0.0207	0.0763	0.0763	0.0763	0.0763	0.0763	0.0292	0.0261	0.0292	0.0292	0.0292	0.0292	0.0261	0.0261	0.0261	0.0261
316800	-0.2778	-0.2778	-0.2858	-0.2858	-0.2858	-0.2858	-0.2858	-0.2819	-0.2819	-0.2819	-0.2819	-0.2819	-0.2791	-0.2791	-0.2791	-0.2791	-0.0502	-0.2791	-0.0502	-0.2761	-0.0502	-0.2761	-0.0502	-0.2761	-0.1191	-0.2761	-0.1191	-0.2761	-0.1191	-0.2742	-0.1191	-0.2742	-0.1191	-0.2742	-0.1191	-0.2742	-0.2742	-0.1984	-0.2714	-0.1984	-0.2714	-0.1984	-0.2714	-0.1984	-0.2714	-0.1984	-0.1984	-0.2714	-0.2407	-0.2407	-0.2407	-0.2407	-0.2407	-0.2635	-0.2673	-0.2635	-0.2635	-0.2635	-0.2635	-0.2673	-0.2673	-0.2673	-0.2673
320400	-0.5281	-0.5281	-0.4991	-0.4991	-0.4991	-0.4991	-0.4991	-0.4845	-0.4845	-0.4845	-0.4845	-0.4845	-0.4815	-0.4815	-0.4815	-0.4815	-0.4952	-0.4815	-0.4952	-0.4808	-0.4952	-0.4808	-0.4952	-0.4808	-0.5047	-0.4808	-0.5047	-0.4808	-0.5047	-0.4802	-0.5047	-0.4802	-0.5047	-0.4802	-0.5047	-0.4802	-0.4802	-0.4995	-0.4799	-0.4995	-0.4799	-0.4995	-0.4799	-0.4995	-0.4799	-0.4995	-0.4995	-0.4799	-0.4844	-0.4844	-0.4844	-0.4844	-0.4844	-0.4745	-0.4781	-0.4745	-0.4745	-0.4745	-0.4745	-0.4781	-0.4781	-0.4781	-0.4781
324000	-0.6291	-0.6291	-0.5658	-0.5658	-0.5658	-0.5658	-0.5658	-0.5416	-0.5416	-0.5416	-0.5416	-0.5416	-0.5395	-0.5395	-0.5395	-0.5395	-0.7992	-0.5395	-0.7992	-0.5432	-0.7992	-0.5432	-0.7992	-0.5432	-0.7421	-0.5432	-0.7421	-0.5432	-0.7421	-0.5442	-0.7421	-0.5442	-0.7421	-0.5442	-0.7421	-0.5442	-0.5442	-0.6507	-0.5464	-0.6507	-0.5464	-0.6507	-0.5464	-0.6507	-0.5464	-0.6507	-0.6507	-0.5464	-0.5821	-0.5821	-0.5821	-0.5821	-0.5821	-0.5426	-0.5467	-0.5426	-0.5426	-0.5426	-0.5426	-0.5467	-0.5467	-0.5467	-0.5467
327600	-0.5453	-0.5453	-0.4641	-0.4641	-0.4641	-0.4641	-0.4641	-0.4343	-0.4343	-0.4343	-0.4343	-0.4343	-0.4341	-0.4341	-0.4341	-0.4341	-0.8596	-0.4341	-0.8596	-0.4432	-0.8596	-0.4432	-0.8596	-0.4432	-0.7507	-0.4432	-0.7507	-0.4432	-0.7507	-0.4458	-0.7507	-0.4458	-0.7507	-0.4458	-0.7507	-0.4458	-0.4458	-0.6005	-0.4498	-0.6005	-0.4498	-0.6005	-0.4498	-0.6005	-0.4498	-0.6005	-0.6005	-0.4498	-0.5008	-0.5008	-0.5008	-0.5008	-0.5008	-0.4451	-0.4508	-0.4451	-0.4451	-0.4451	-0.4451	-0.4508	-0.4508	-0.4508	-0.4508
331200	-0.2898	-0.2898	-0.216	-0.216	-0.216	-0.216	-0.216	-0.1884	-0.1884	-0.1884	-0.1884	-0.1884	-0.1907	-0.1907	-0.1907	-0.1907	-0.653	-0.1907	-0.653	-0.2041	-0.653	-0.2041	-0.653	-0.2041	-0.5246	-0.2041	-0.5246	-0.2041	-0.5246	-0.2078	-0.5246	-0.2078	-0.5246	-0.2078	-0.5246	-0.2078	-0.2078	-0.3609	-0.2126	-0.3609	-0.2126	-0.3609	-0.2126	-0.3609	-0.2126	-0.3609	-0.3609	-0.2126	-0.2608	-0.2608	-0.2608	-0.2608	-0.2608	-0.2059	-0.2134	-0.2059	-0.2059	-0.2059	-0.2059	-0.2134	-0.2134	-0.2134	-0.2134
334800	0.0737	0.0737	0.1162	0.1162	0.1162	0.1162	0.1162	0.1319	0.1319	0.1319	0.1319	0.1319	0.1275	0.1275	0.1275	0.1275	-0.2459	0.1275	-0.2459	0.1129	-0.2459	0.1129	-0.2459	0.1129	-0.1353	0.1129	-0.1353	0.1129	-0.1353	0.109	-0.1353	0.109	-0.1353	0.109	-0.1353	0.109	0.109	-0.003	0.1046	-0.003	0.1046	-0.003	0.1046	-0.003	0.1046	-0.003	-0.003	0.1046	0.0715	0.0715	0.0715	0.0715	0.0715	0.1119	0.1043	0.1119	0.1119	0.1119	0.1119	0.1043	0.1043	0.1043	0.1043
338400	0.4468	0.4468	0.4457	0.4457	0.4457	0.4457	0.4457	0.4427	0.4427	0.4427	0.4427	0.4427	0.4372	0.4372	0.4372	0.4372	0.2369	0.4372	0.2369	0.4255	0.2369	0.4255	0.2369	0.4255	0.3013	0.4255	0.3013	0.4255	0.3013	0.4223	0.3013	0.4223	0.3013	0.4223	0.3013	0.4223	0.4223	0.3715	0.4193	0.3715	0.4193	0.3715	0.4193	0.3715	0.4193	0.3715	0.3715	0.4193	0.4059	0.4059	0.4059	0.4059	0.4059	0.4244	0.4191	0.4244	0.4244	0.4244	0.4244	0.4191	0.4191	0.4191	0.4191
342000	0.7263	0.7263	0.684	0.684	0.684	0.684	0.684	0.6625	0.6625	0.6625	0.6625	0.6625	0.6571	0.6571	0.6571	0.6571	0.6643	0.6571	0.6643	0.651	0.6643	0.651	0.6643	0.651	0.6697	0.651	0.6697	0.651	0.6697	0.6494	0.6697	0.6494	0.6697	0.6494	0.6697	0.6494	0.6494	0.6658	0.6486	0.6658	0.6486	0.6658	0.6486	0.6658	0.6486	0.6658	0.6658	0.6486	0.6558	0.6558	0.6558	0.6558	0.6558	0.6499	0.6486	0.6499	0.6499	0.6499	0.6499	0.6486	0.6486	0.6486	0.6486
345600	0.8351	0.8351	0.7648	0.7648	0.7648	0.7648	0.7648	0.7317	0.7317	0.7317	0.7317	0.7317	0.7278	0.7278	0.7278	0.7278	0.9378	0.7278	0.9378	0.7277	0.9378	0.7277	0.9378	0.7277	0.8862	0.7277	0.8862	0.7277	0.8862	0.7279	0.8862	0.7279	0.8862	0.7279	0.8862	0.7279	0.7279	0.8107	0.7298	0.8107	0.7298	0.8107	0.7298	0.8107	0.7298	0.8107	0.8107	0.7298	0.7585	0.7585	0.7585	0.7585	0.7585	0.7287	0.7308	0.7287	0.7287	0.7287	0.7287	0.7308	0.7308	0.7308	0.7308
349200	0.7429	0.7429	0.6609	0.6609	0.6609	0.6609	0.6609	0.6266	0.6266	0.6266	0.6266	0.6266	0.6247	0.6247	0.6247	0.6247	1.0021	0.6247	1.0021	0.6293	1.0021	0.6293	1.0021	0.6293	0.9053	0.6293	0.9053	0.6293	0.9053	0.6314	0.9053	0.6314	0.9053	0.6314	0.9053	0.6314	0.6314	0.7721	0.6357	0.7721	0.6357	0.7721	0.6357	0.7721	0.6357	0.7721	0.7721	0.6357	0.6851	0.6851	0.6851	0.6851	0.6851	0.6353	0.6385	0.6353	0.6353	0.6353	0.6353	0.6385	0.6385	0.6385	0.6385
352800	0.4694	0.4694	0.391	0.391	0.391	0.391	0.391	0.3641	0.3641	0.3641	0.3641	0.3641	0.3648	0.3648	0.3648	0.3648	0.8387	0.3648	0.8387	0.3721	0.8387	0.3721	0.8387	0.3721	0.7153	0.3721	0.7153	0.3721	0.7153	0.3754	0.7153	0.3754	0.7153	0.3754	0.7153	0.3754	0.3754	0.55	0.3812	0.55	0.3812	0.55	0.3812	0.55	0.3812	0.55	0.55	0.3812	0.444	0.444	0.444	0.444	0.444	0.3834	0.3856	0.3834	0.3834	0.3834	0.3834	0.3856	0.3856	0.3856	0.3856
356400	0.0756	0.0756	0.0151	0.0151	0.0151	0.0151	0.0151	0.0004	0.0004	0.0004	0.0004	0.0004	0.0033	0.0033	0.0033	0.0033	0.4642	0.0033	0.4642	0.012	0.4642	0.012	0.4642	0.012	0.34	0.012	0.34	0.012	0.34	0.0157	0.34	0.0157	0.34	0.0157	0.34	0.0157	0.0157	0.1802	0.0214	0.1802	0.0214	0.1802	0.0214	0.1802	0.0214	0.1802	0.1802	0.0214	0.0808	0.0808	0.0808	0.0808	0.0808	0.0248	0.026	0.0248	0.0248	0.0248	0.0248	0.026	0.026	0.026	0.026
360000	-0.3513	-0.3513	-0.3792	-0.3792	-0.3792	-0.3792	-0.3792	-0.3804	-0.3804	-0.3804	-0.3804	-0.3804	-0.3758	-0.3758	-0.3758	-0.3758	-0.0585	-0.3758	-0.0585	-0.3671	-0.0585	-0.3671	-0.0585	-0.3671	-0.1527	-0.3671	-0.1527	-0.3671	-0.1527	-0.364	-0.1527	-0.364	-0.1527	-0.364	-0.1527	-0.364	-0.364	-0.2627	-0.3602	-0.2627	-0.3602	-0.2627	-0.3602	-0.2627	-0.3602	-0.2627	-0.2627	-0.3602	-0.325	-0.325	-0.325	-0.325	-0.325	-0.3588	-0.3575	-0.3588	-0.3588	-0.3588	-0.3588	-0.3575	-0.3575	-0.3575	-0.3575
363600	-0.7132	-0.7132	-0.697	-0.697	-0.697	-0.697	-0.697	-0.6845	-0.6845	-0.6845	-0.6845	-0.6845	-0.6793	-0.6793	-0.6793	-0.6793	-0.6136	-0.6793	-0.6136	-0.6725	-0.6136	-0.6725	-0.6136	-0.6725	-0.6486	-0.6725	-0.6486	-0.6725	-0.6486	-0.671	-0.6486	-0.671	-0.6486	-0.671	-0.6486	-0.671	-0.671	-0.672	-0.6704	-0.672	-0.6704	-0.672	-0.6704	-0.672	-0.6704	-0.672	-0.672	-0.6704	-0.6743	-0.6743	-0.6743	-0.6743	-0.6743	-0.6732	-0.671	-0.6732	-0.6732	-0.6732	-0.6732	-0.671	-0.671	-0.671	-0.671
367200	-0.9206	-0.9206	-0.8581	-0.8581	-0.8581	-0.8581	-0.8581	-0.833	-0.833	-0.833	-0.833	-0.833	-0.8286	-0.8286	-0.8286	-0.8286	-1.0509	-0.8286	-1.0509	-0.8263	-1.0509	-0.8263	-1.0509	-0.8263	-1.0106	-0.8263	-1.0106	-0.8263	-1.0106	-0.8269	-1.0106	-0.8269	-1.0106	-0.8269	-1.0106	-0.8269	-0.8269	-0.9347	-0.8298	-0.9347	-0.8298	-0.9347	-0.8298	-0.9347	-0.8298	-0.9347	-0.9347	-0.8298	-0.873	-0.873	-0.873	-0.873	-0.873	-0.836	-0.8335	-0.836	-0.836	-0.836	-0.836	-0.8335	-0.8335	-0.8335	-0.8335
370800	-0.9134	-0.9134	-0.8184	-0.8184	-0.8184	-0.8184	-0.8184	-0.7838	-0.7838	-0.7838	-0.7838	-0.7838	-0.7818	-0.7818	-0.7818	-0.7818	-1.2352	-0.7818	-1.2352	-0.7862	-1.2352	-0.7862	-1.2352	-0.7862	-1.1266	-0.7862	-1.1266	-0.7862	-1.1266	-0.7891	-1.1266	-0.7891	-1.1266	-0.7891	-1.1266	-0.7891	-0.7891	-0.9701	-0.7949	-0.9701	-0.7949	-0.9701	-0.7949	-0.9701	-0.7949	-0.9701	-0.9701	-0.7949	-0.8626	-0.8626	-0.8626	-0.8626	-0.8626	-0.801	-0.8002	-0.801	-0.801	-0.801	-0.801	-0.8002	-0.8002	-0.8002	-0.8002
374400	-0.6822	-0.6822	-0.5818	-0.5818	-0.5818	-0.5818	-0.5818	-0.5457	-0.5457	-0.5457	-0.5457	-0.5457	-0.5469	-0.5469	-0.5469	-0.5469	-1.1036	-0.5469	-1.1036	-0.5584	-1.1036	-0.5584	-1.1036	-0.5584	-0.9558	-0.5584	-0.9558	-0.5584	-0.9558	-0.5631	-0.9558	-0.5631	-0.9558	-0.5631	-0.9558	-0.5631	-0.5631	-0.7627	-0.5705	-0.7627	-0.5705	-0.7627	-0.5705	-0.7627	-0.5705	-0.7627	-0.7627	-0.5705	-0.6414	-0.6414	-0.6414	-0.6414	-0.6414	-0.5735	-0.5757	-0.5735	-0.5735	-0.5735	-0.5735	-0.5757	-0.5757	-0.5757	-0.5757
378000	-0.2778	-0.2778	-0.2026	-0.2026	-0.2026	-0.2026	-0.2026	-0.1759	-0.1759	-0.1759	-0.1759	-0.1759	-0.1804	-0.1804	-0.1804	-0.1804	-0.6932	-0.1804	-0.6932	-0.1963	-0.6932	-0.1963	-0.6932	-0.1963	-0.5471	-0.1963	-0.5471	-0.1963	-0.5471	-0.202	-0.5471	-0.202	-0.5471	-0.202	-0.5471	-0.202	-0.202	-0.3692	-0.2095	-0.3692	-0.2095	-0.3692	-0.2095	-0.3692	-0.2095	-0.3692	-0.3692	-0.2095	-0.2659	-0.2659	-0.2659	-0.2659	-0.2659	-0.209	-0.2138	-0.209	-0.209	-0.209	-0.209	-0.2138	-0.2138	-0.2138	-0.2138
381600	0.1988	0.1988	0.228	0.228	0.228	0.228	0.228	0.2356	0.2356	0.2356	0.2356	0.2356	0.2287	0.2287	0.2287	0.2287	-0.1235	0.2287	-0.1235	0.2127	-0.1235	0.2127	-0.1235	0.2127	-0.0163	0.2127	-0.0163	0.2127	-0.0163	0.2072	-0.0163	0.2072	-0.0163	0.2072	-0.0163	0.2072	0.2072	0.1047	0.2009	0.1047	0.2009	0.1047	0.2009	0.1047	0.2009	0.1047	0.1047	0.2009	0.1681	0.1681	0.1681	0.1681	0.1681	0.2027	0.1978	0.2027	0.2027	0.2027	0.2027	0.1978	0.1978	0.1978	0.1978
385200	0.6257	0.6257	0.605	0.605	0.605	0.605	0.605	0.5903	0.5903	0.5903	0.5903	0.5903	0.5824	0.5824	0.5824	0.5824	0.455	0.5824	0.455	0.5704	0.455	0.5704	0.455	0.5704	0.5008	0.5704	0.5008	0.5704	0.5008	0.5662	0.5008	0.5662	0.5008	0.5662	0.5008	0.5662	0.5662	0.542	0.5622	0.542	0.5622	0.542	0.5622	0.542	0.5622	0.542	0.542	0.5622	0.5561	0.5561	0.5561	0.5561	0.5561	0.5632	0.5603	0.5632	0.5632	0.5632	0.5632	0.5603	0.5603	0.5603	0.5603
388800	0.8968	0.8968	0.8374	0.8374	0.8374	0.8374	0.8374	0.8054	0.8054	0.8054	0.8054	0.8054	0.7982	0.7982	0.7982	0.7982	0.9112	0.7982	0.9112	0.792	0.9112	0.792	0.9112	0.792	0.8901	0.792	0.8901	0.792	0.8901	0.7899	0.8901	0.7899	0.8901	0.7899	0.8901	0.7899	0.7899	0.8468	0.7891	0.8468	0.7891	0.8468	0.7891	0.8468	0.7891	0.8468	0.8468	0.7891	0.8108	0.8108	0.8108	0.8108	0.8108	0.7895	0.7891	0.7895	0.7895	0.7895	0.7895	0.7891	0.7891	0.7891	0.7891
392400	0.9516	0.9516	0.8711	0.8711	0.8711	0.8711	0.8711	0.8328	0.8328	0.8328	0.8328	0.8328	0.8277	0.8277	0.8277	0.8277	1.1574	0.8277	1.1574	0.8267	1.1574	0.8267	1.1574	0.8267	1.0774	0.8267	1.0774	0.8267	1.0774	0.827	1.0774	0.827	1.0774	0.827	1.0774	0.827	0.827	0.9593	0.8297	0.9593	0.8297	0.9593	0.8297	0.9593	0.8297	0.9593	0.9593	0.8297	0.8789	0.8789	0.8789	0.8789	0.8789	0.8321	0.8324	0.8321	0.8321	0.8321	0.8321	0.8324	0.8324	0.8324	0.8324
396000	0.786	0.786	0.702	0.702	0.702	0.702	0.702	0.6686	0.6686	0.6686	0.6686	0.6686	0.6663	0.6663	0.6663	0.6663	1.1505	0.6663	1.1505	0.6691	1.1505	0.6691	1.1505	0.6691	1.0286	0.6691	1.0286	0.6691	1.0286	0.6715	1.0286	0.6715	1.0286	0.6715	1.0286	0.6715	0.6715	0.8588	0.677	0.8588	0.677	0.8588	0.677	0.8588	0.677	0.8588	0.8588	0.677	0.7479	0.7479	0.7479	0.7479	0.7479	0.6835	0.6827	0.6835	0.6835	0.6835	0.6835	0.6827	0.6827	0.6827	0.6827
399600	0.4471	0.4471	0.3756	0.3756	0.3756	0.3756	0.3756	0.3543	0.3543	0.3543	0.3543	0.3543	0.355	0.355	0.355	0.355	0.8881	0.355	0.8881	0.3602	0.8881	0.3602	0.8881	0.3602	0.7494	0.3602	0.7494	0.3602	0.7494	0.3639	0.7494	0.3639	0.7494	0.3639	0.7494	0.3639	0.3639	0.5647	0.3707	0.5647	0.3707	0.5647	0.3707	0.5647	0.3707	0.5647	0.5647	0.3707	0.4478	0.4478	0.4478	0.4478	0.4478	0.3808	0.3783	0.3808	0.3808	0.3808	0.3808	0.3783	0.3783	0.3783	0.3783
403200	0.0185	0.0185	-0.0248	-0.0248	-0.0248	-0.0248	-0.0248	-0.0313	-0.0313	-0.0313	-0.0313	-0.0313	-0.0279	-0.0279	-0.0279	-0.0279	0.416	-0.0279	0.416	-0.0213	0.416	-0.0213	0.416	-0.0213	0.2929	-0.0213	0.2929	-0.0213	0.2929	-0.0174	0.2929	-0.0174	0.2929	-0.0174	0.2929	-0.0174	-0.0174	0.1401	-0.0112	0.1401	-0.0112	0.1401	-0.0112	0.1401	-0.0112	0.1401	0.1401	-0.0112	0.0495	0.0495	0.0495	0.0495	0.0495	-0.0012	-0.0043	-0.0012	-0.0012	-0.0012	-0.0012	-0.0043	-0.0043	-0.0043	-0.0043
406800	-0.3972	-0.3972	-0.3978	-0.3978	-0.3978	-0.3978	-0.3978	-0.3894	-0.3894	-0.3894	-0.3894	-0.3894	-0.3842	-0.3842	-0.3842	-0.3842	-0.1616	-0.3842	-0.1616	-0.3778	-0.1616	-0.3778	-0.1616	-0.3778	-0.2354	-0.3778	-0.2354	-0.3778	-0.2354	-0.3747	-0.2354	-0.3747	-0.2354	-0.3747	-0.2354	-0.3747	-0.3747	-0.3114	-0.3709	-0.3114	-0.3709	-0.3114	-0.3709	-0.3114	-0.3709	-0.3114	-0.3114	-0.3709	-0.3465	-0.3465	-0.3465	-0.3465	-0.3465	-0.3644	-0.3667	-0.3644	-0.3644	-0.3644	-0.3644	-0.3667	-0.3667	-0.3667	-0.3667
410400	-0.697	-0.697	-0.6482	-0.6482	-0.6482	-0.6482	-0.6482	-0.6255	-0.6255	-0.6255	-0.6255	-0.6255	-0.6201	-0.6201	-0.6201	-0.6201	-0.6924	-0.6201	-0.6924	-0.6164	-0.6924	-0.6164	-0.6924	-0.6164	-0.6924	-0.6164	-0.6924	-0.6164	-0.6924	-0.615	-0.6924	-0.615	-0.6924	-0.615	-0.6924	-0.615	-0.615	-0.6663	-0.6144	-0.6663	-0.6144	-0.6663	-0.6144	-0.6663	-0.6144	-0.6663	-0.6663	-0.6144	-0.6332	-0.6332	-0.6332	-0.6332	-0.6332	-0.6123	-0.6136	-0.6123	-0.6123	-0.6123	-0.6123	-0.6136	-0.6136	-0.6136	-0.6136
414000	-0.7997	-0.7997	-0.7103	-0.7103	-0.7103	-0.7103	-0.7103	-0.6761	-0.6761	-0.6761	-0.6761	-0.6761	-0.6721	-0.6721	-0.6721	-0.6721	-1.0187	-0.6721	-1.0187	-0.6741	-1.0187	-0.6741	-1.0187	-0.6741	-0.9415	-0.6741	-0.9415	-0.6741	-0.9415	-0.6748	-0.9415	-0.6748	-0.9415	-0.6748	-0.9415	-0.6748	-0.6748	-0.8198	-0.6772	-0.8198	-0.6772	-0.8198	-0.6772	-0.8198	-0.6772	-0.8198	-0.8198	-0.6772	-0.7291	-0.7291	-0.7291	-0.7291	-0.7291	-0.6767	-0.6787	-0.6767	-0.6767	-0.6767	-0.6767	-0.6787	-0.6787	-0.6787	-0.6787
417600	-0.6706	-0.6706	-0.5663	-0.5663	-0.5663	-0.5663	-0.5663	-0.5274	-0.5274	-0.5274	-0.5274	-0.5274	-0.5264	-0.5264	-0.5264	-0.5264	-1.0385	-0.5264	-1.0385	-0.5354	-1.0385	-0.5354	-1.0385	-0.5354	-0.9059	-0.5354	-0.9059	-0.5354	-0.9059	-0.5381	-0.9059	-0.5381	-0.9059	-0.5381	-0.9059	-0.5381	-0.5381	-0.7257	-0.5426	-0.7257	-0.5426	-0.7257	-0.5426	-0.7257	-0.5426	-0.7257	-0.7257	-0.5426	-0.6067	-0.6067	-0.6067	-0.6067	-0.6067	-0.54	-0.5446	-0.54	-0.54	-0.54	-0.54	-0.5446	-0.5446	-0.5446	-0.5446
421200	-0.3383	-0.3383	-0.253	-0.253	-0.253	-0.253	-0.253	-0.2205	-0.2205	-0.2205	-0.2205	-0.2205	-0.223	-0.223	-0.223	-0.223	-0.7497	-0.223	-0.7497	-0.2377	-0.7497	-0.2377	-0.7497	-0.2377	-0.6012	-0.2377	-0.6012	-0.2377	-0.6012	-0.2417	-0.6012	-0.2417	-0.6012	-0.2417	-0.6012	-0.2417	-0.2417	-0.4152	-0.247	-0.4152	-0.247	-0.4152	-0.247	-0.4152	-0.247	-0.4152	-0.4152	-0.247	-0.3029	-0.3029	-0.3029	-0.3029	-0.3029	-0.241	-0.2483	-0.241	-0.241	-0.241	-0.241	-0.2483	-0.2483	-0.2483	-0.2483
424800	0.1076	0.1076	0.1462	0.1462	0.1462	0.1462	0.1462	0.1605	0.1605	0.1605	0.1605	0.1605	0.155	0.155	0.155	0.155	-0.2484	0.155	-0.2484	0.1388	-0.2484	0.1388	-0.2484	0.1388	-0.1262	0.1388	-0.1262	0.1388	-0.1262	0.1345	-0.1262	0.1345	-0.1262	0.1345	-0.1262	0.1345	0.1345	0.0166	0.1298	0.0166	0.1298	0.0166	0.1298	0.0166	0.1298	0.0166	0.0166	0.1298	0.0948	0.0948	0.0948	0.0948	0.0948	0.1373	0.1293	0.1373	0.1373	0.1373	0.1373	0.1293	0.1293	0.1293	0.1293
428400	0.5411	0.5411	0.5233	0.5233	0.5233	0.5233	0.5233	0.513	0.513	0.513	0.513	0.513	0.5059	0.5059	0.5059	0.5059	0.3142	0.5059	0.3142	0.4927	0.3142	0.4927	0.3142	0.4927	0.3797	0.4927	0.3797	0.4927	0.3797	0.4893	0.3797	0.4893	0.3797	0.4893	0.3797	0.4893	0.4893	0.4472	0.4862	0.4472	0.4862	0.4472	0.4862	0.4472	0.4862	0.4472	0.4472	0.4862	0.4767	0.4767	0.4767	0.4767	0.4767	0.4921	0.4863	0.4921	0.4921	0.4921	0.4921	0.4863	0.4863	0.4863	0.4863
432000	0.8402	0.8402	0.7749	0.7749	0.7749	0.7749	0.7749	0.7428	0.7428	0.7428	0.7428	0.7428	0.7358	0.7358	0.7358	0.7358	0.789	0.7358	0.789	0.7286	0.789	0.7286	0.789	0.7286	0.7855	0.7286	0.7855	0.7286	0.7855	0.7269	0.7855	0.7269	0.7855	0.7269	0.7855	0.7269	0.7269	0.766	0.7264	0.766	0.7264	0.766	0.7264	0.766	0.7264	0.766	0.766	0.7264	0.7431	0.7431	0.7431	0.7431	0.7431	0.7293	0.7271	0.7293	0.7293	0.7293	0.7293	0.7271	0.7271	0.7271	0.7271
435600	0.9235	0.9235	0.8303	0.8303	0.8303	0.8303	0.8303	0.787	0.787	0.787	0.787	0.787	0.7818	0.7818	0.7818	0.7818	1.0669	0.7818	1.0669	0.781	1.0669	0.781	1.0669	0.781	0.9983	0.781	0.9983	0.781	0.9983	0.7814	0.9983	0.7814	0.9983	0.7814	0.9983	0.7814	0.7814	0.8972	0.7838	0.8972	0.7838	0.8972	0.7838	0.8972	0.7838	0.8972	0.8972	0.7838	0.8264	0.8264	0.8264	0.8264	0.8264	0.7851	0.7859	0.7851	0.7851	0.7851	0.7851	0.7859	0.7859	0.7859	0.7859
439200	0.7696	0.7696	0.6697	0.6697	0.6697	0.6697	0.6697	0.6286	0.6286	0.6286	0.6286	0.6286	0.6262	0.6262	0.6262	0.6262	1.0885	0.6262	1.0885	0.6303	1.0885	0.6303	1.0885	0.6303	0.9704	0.6303	0.9704	0.6303	0.9704	0.6326	0.9704	0.6326	0.9704	0.6326	0.9704	0.6326	0.6326	0.8081	0.6375	0.8081	0.6375	0.8081	0.6375	0.8081	0.6375	0.8081	0.8081	0.6375	0.7013	0.7013	0.7013	0.7013	0.7013	0.6396	0.6415	0.6396	0.6396	0.6396	0.6396	0.6415	0.6415	0.6415	0.6415
442800	0.4163	0.4163	0.3284	0.3284	0.3284	0.3284	0.3284	0.2994	0.2994	0.2994	0.2994	0.2994	0.3003	0.3003	0.3003	0.3003	0.8413	0.3003	0.8413	0.3077	0.8413	0.3077	0.8413	0.3077	0.6982	0.3077	0.6982	0.3077	0.6982	0.3112	0.6982	0.3112	0.6982	0.3112	0.6982	0.3112	0.3112	0.5093	0.3172	0.5093	0.3172	0.5093	0.3172	0.5093	0.3172	0.5093	0.5093	0.3172	0.3891	0.3891	0.3891	0.3891	0.3891	0.3206	0.3223	0.3206	0.3206	0.3206	0.3206	0.3223	0.3223	0.3223	0.3223
446400	-0.0539	-0.0539	-0.1126	-0.1126	-0.1126	-0.1126	-0.1126	-0.1248	-0.1248	-0.1248	-0.1248	-0.1248	-0.1208	-0.1208	-0.1208	-0.1208	0.3621	-0.1208	0.3621	-0.1114	0.3621	-0.1114	0.3621	-0.1114	0.2261	-0.1114	0.2261	-0.1114	0.2261	-0.1078	0.2261	-0.1078	0.2261	-0.1078	0.2261	-0.1078	-0.1078	0.0576	-0.1026	0.0576	-0.1026	0.0576	-0.1026	0.0576	-0.1026	0.0576	0.0576	-0.1026	-0.0442	-0.0442	-0.0442	-0.0442	-0.0442	-0.1006	-0.0986	-0.1006	-0.1006	-0.1006	-0.1006	-0.0986	-0.0986	-0.0986	-0.0986
450000	-0.5327	-0.5327	-0.5459	-0.5459	-0.5459	-0.5459	-0.5459	-0.5405	-0.5405	-0.5405	-0.5405	-0.5405	-0.5345	-0.5345	-0.5345	-0.5345	-0.2538	-0.5345	-0.2538	-0.5244	-0.2538	-0.5244	-0.2538	-0.5244	-0.3465	-0.5244	-0.3465	-0.5244	-0.3465	-0.5217	-0.3465	-0.5217	-0.3465	-0.5217	-0.3465	-0.5217	-0.5217	-0.4457	-0.5193	-0.4457	-0.5193	-0.4457	-0.5193	-0.4457	-0.5193	-0.4457	-0.4457	-0.5193	-0.4966	-0.4966	-0.4966	-0.4966	-0.4966	-0.5223	-0.5187	-0.5223	-0.5223	-0.5223	-0.5223	-0.5187	-0.5187	-0.5187	-0.5187
453600	-0.9055	-0.9055	-0.8628	-0.8628	-0.8628	-0.8628	-0.8628	-0.8408	-0.8408	-0.8408	-0.8408	-0.8408	-0.8341	-0.8341	-0.8341	-0.8341	-0.8557	-0.8341	-0.8557	-0.826	-0.8557	-0.826	-0.8557	-0.826	-0.8748	-0.826	-0.8748	-0.826	-0.8748	-0.8252	-0.8748	-0.8252	-0.8748	-0.8252	-0.8748	-0.8252	-0.8252	-0.8705	-0.8266	-0.8705	-0.8266	-0.8705	-0.8266	-0.8705	-0.8266	-0.8705	-0.8705	-0.8266	-0.8508	-0.8508	-0.8508	-0.8508	-0.8508	-0.8359	-0.8304	-0.8359	-0.8359	-0.8359	-0.8359	-0.8304	-0.8304	-0.8304	-0.8304
457200	-1.0739	-1.0739	-0.9794	-0.9794	-0.9794	-0.9794	-0.9794	-0.9433	-0.9433	-0.9433	-0.9433	-0.9433	-0.9379	-0.9379	-0.9379	-0.9379	-1.272	-0.9379	-1.272	-0.9351	-1.272	-0.9351	-1.272	-0.9351	-1.2058	-0.9351	-1.2058	-0.9351	-1.2058	-0.9368	-1.2058	-0.9368	-1.2058	-0.9368	-1.2058	-0.9368	-0.9368	-1.0936	-0.942	-1.0936	-0.942	-1.0936	-0.942	-1.0936	-0.942	-1.0936	-1.0936	-0.942	-1.0067	-1.0067	-1.0067	-1.0067	-1.0067	-0.9546	-0.9491	-0.9546	-0.9546	-0.9546	-0.9546	-0.9491	-0.9491	-0.9491	-0.9491
460800	-0.9819	-0.9819	-0.8589	-0.8589	-0.8589	-0.8589	-0.8589	-0.8148	-0.8148	-0.8148	-0.8148	-0.8148	-0.8126	-0.8126	-0.8126	-0.8126	-1.37	-0.8126	-1.37	-0.8177	-1.37	-0.8177	-1.37	-0.8177	-1.2329	-0.8177	-1.2329	-0.8177	-1.2329	-0.8218	-1.2329	-0.8218	-1.2329	-0.8218	-1.2329	-0.8218	-0.8218	-1.0424	-0.8297	-1.0424	-0.8297	-1.0424	-0.8297	-1.0424	-0.8297	-1.0424	-1.0424	-0.8297	-0.9141	-0.9141	-0.9141	-0.9141	-0.9141	-0.8405	-0.8378	-0.8405	-0.8405	-0.8405	-0.8405	-0.8378	-0.8378	-0.8378	-0.8378
464400	-0.6386	-0.6386	-0.5234	-0.5234	-0.5234	-0.5234	-0.5234	-0.4822	-0.4822	-0.4822	-0.4822	-0.4822	-0.4843	-0.4843	-0.4843	-0.4843	-1.1112	-0.4843	-1.1112	-0.4973	-1.1112	-0.4973	-1.1112	-0.4973	-0.9405	-0.4973	-0.9405	-0.4973	-0.9405	-0.5032	-0.9405	-0.5032	-0.9405	-0.5032	-0.9405	-0.5032	-0.5032	-0.7246	-0.5122	-0.7246	-0.5122	-0.7246	-0.5122	-0.7246	-0.5122	-0.7246	-0.7246	-0.5122	-0.5916	-0.5916	-0.5916	-0.5916	-0.5916	-0.5173	-0.519	-0.5173	-0.5173	-0.5173	-0.5173	-0.519	-0.519	-0.519	-0.519
468000	-0.1236	-0.1236	-0.0512	-0.0512	-0.0512	-0.0512	-0.0512	-0.0261	-0.0261	-0.0261	-0.0261	-0.0261	-0.0322	-0.0322	-0.0322	-0.0322	-0.5679	-0.0322	-0.5679	-0.0498	-0.5679	-0.0498	-0.5679	-0.0498	-0.4102	-0.0498	-0.4102	-0.0498	-0.4102	-0.0564	-0.4102	-0.0564	-0.4102	-0.0564	-0.4102	-0.0564	-0.0564	-0.225	-0.0647	-0.225	-0.0647	-0.225	-0.0647	-0.225	-0.0647	-0.225	-0.225	-0.0647	-0.1211	-0.1211	-0.1211	-0.1211	-0.1211	-0.064	-0.0693	-0.064	-0.064	-0.064	-0.064	-0.0693	-0.0693	-0.0693	-0.0693
471600	0.4318	0.4318	0.4431	0.4431	0.4431	0.4431	0.4431	0.4426	0.4426	0.4426	0.4426	0.4426	0.4336	0.4336	0.4336	0.4336	0.1088	0.4336	0.1088	0.4164	0.1088	0.4164	0.1088	0.4164	0.2143	0.4164	0.2143	0.4164	0.2143	0.4105	0.2143	0.4105	0.2143	0.4105	0.2143	0.4105	0.4105	0.326	0.4043	0.326	0.4043	0.326	0.4043	0.326	0.4043	0.326	0.326	0.4043	0.3797	0.3797	0.3797	0.3797	0.3797	0.4083	0.402	0.4083	0.4083	0.4083	0.4083	0.402	0.402	0.402	0.402
